0.56732
0.84106
1.0508
1.1712
1.1824
1.0736
0.84949
0.53283
0.15497
-0.25632
-0.67251
-1.0588
-1.3784
-1.5972
-1.6882
-1.634
-1.4296
-1.0834
-0.6172
-0.065763
0.52588
1.1053
1.6156
1.9911
2.1041
1.5123
0.11757
-0.47311
-0.59963
-0.64529
-0.63692
-0.57315
-0.45608
-0.2928
-0.095152
0.121
0.33694
0.53264
0.68845
0.787
0.81506
0.76535
0.63788
0.44027
0.18668
-0.10367
-0.40745
-0.69826
-0.94873
-1.1331
-1.2299
-1.2242
-1.1093
-0.88816
-0.57385
-0.18881
0.23632
0.66489
1.0569
1.3717
1.5681
1.5999
1.4055
0.95538
0.39792
-0.083922
-0.50289
-0.89008
-1.2247
-1.4736
-1.6082
-1.6081
-1.4639
-1.1788
-0.76929
-0.26444
0.29579
0.86322
1.3846
1.8025
2.0383
1.8776
0.86775
-0.18372
-0.50296
-0.63403
-0.70875
-0.72685
-0.68316
-0.57744
-0.41511
-0.20722
0.03022
0.27732
0.51184
0.71105
0.85375
0.92241
0.90527
0.79856
0.60776
0.34683
0.035485
-0.30236
-0.6388
-0.94342
-1.1862
-1.3406
-1.3862
-1.3114
-1.1145
-0.8053
-0.40438
0.057637
0.54224
1.0057
1.4021
1.683
1.787
1.5973
0.97799
0.22936
-0.24529
-0.57723
-0.86147
-1.0888
-1.2355
-1.2826
-1.2189
-1.0424
-0.76165
-0.39518
0.029145
0.4761
0.90561
1.2755
1.543
1.6617
1.5655
1.1751
0.57117
0.034057
-0.38584
-0.76097
-1.0918
-1.3487
-1.5034
-1.5343
-1.4302
-1.191
-0.8295
-0.37043
0.15063
0.68972
1.1975
1.6215
1.9011
1.9227
1.3884
0.32009
-0.29256
-0.54487
-0.71904
-0.84013
-0.89608
-0.87732
-0.78039
-0.60879
-0.37315
-0.09073
0.21562
0.51918
0.79144
1.0044
1.133
1.1575
1.0667
0.8629
0.56524
0.2023
-0.19844
-0.60864
-0.99436
-1.3191
-1.549
-1.6562
-1.6224
-1.4408
-1.1179
-0.67351
-0.14021
0.43894
1.0132
1.5272
1.9193
2.087
1.6945
0.403
-0.38279
-0.57073
-0.65137
-0.67796
-0.64773
-0.55965
-0.41784
-0.23162
-0.015095
0.21384
0.43484
0.62682
0.7698
0.84689
0.84626
0.76299
0.60028
0.36914
0.086711
-0.2253
-0.54123
-0.83284
-1.0719
-1.2327
-1.2952
-1.2467
-1.084
-0.81414
-0.45449
-0.031983
0.4187
0.85756
1.2421
1.5292
1.6722
1.6054
1.239
0.6256
0.066389
-0.35633
-0.72699
-1.0547
-1.3118
-1.47
-1.5077
-1.4133
-1.1861
-0.83782
-0.39215
0.11659
0.64567
1.1469
1.5692
1.8554
1.9083
1.4812
0.48961
-0.20066
-0.4988
-0.70443
-0.85859
-0.94812
-0.96048
-0.88919
-0.735
-0.50634
-0.21912
0.10422
0.43628
0.74675
1.0048
1.1816
1.2523
1.1989
1.0161
0.72062
0.34868
-0.065637
-0.49653
-0.9132
-1.2784
-1.5551
-1.712
-1.7261
-1.5863
-1.2947
-0.86746
-0.33464
0.26198
0.87147
1.437
1.8962
2.1554
1.8984
0.52983
-0.43664
-0.59573
-0.62036
-0.58926
-0.50548
-0.37324
-0.20137
-0.0029667
0.20548
0.40536
0.57754
0.70403
0.76983
0.76465
0.68448
0.53242
0.31847
0.058304
-0.22783
-0.51606
-0.78041
-0.99508
-1.1369
-1.1879
-1.137
-0.98183
-0.72938
-0.39617
-0.0073068
0.40512
0.80437
1.1517
1.4088
1.5374
1.4956
1.2407
0.79236
0.2905
-0.1687
-0.59916
-1
-1.3401
-1.5843
-1.7036
-1.6784
-1.5009
-1.1768
-0.72573
-0.18044
0.41525
1.0094
1.545
1.9582
2.1379
1.6896
0.26417
-0.4645
-0.59675
-0.63159
-0.61214
-0.53879
-0.41463
-0.24758
-0.050077
0.16176
0.36932
0.55305
0.69417
0.77651
0.78831
0.72389
0.5848
0.37979
0.12368
-0.16388
-0.45935
-0.73659
-0.96905
-1.1323
-1.2066
-1.179
-1.0447
-0.80894
-0.4862
-0.10023
0.3177
0.73099
1.1004
1.3865
1.5499
1.5468
1.3257
0.88217
0.35862
-0.11049
-0.53763
-0.93593
-1.2787
-1.5314
-1.6648
-1.6581
-1.5023
-1.2012
-0.77261
-0.247
0.33381
0.91969
1.4553
1.88
2.1022
1.8305
0.58044
-0.3554
-0.56491
-0.63842
-0.65692
-0.6199
-0.52713
-0.38329
-0.19808
0.014261
0.23602
0.44729
0.62772
0.75829
0.82325
0.81201
0.72083
0.55376
0.32218
0.043257
-0.26133
-0.56616
-0.84367
-1.0666
-1.2107
-1.2574
-1.1954
-1.023
-0.74842
-0.38974
0.025758
0.46359
0.88452
1.2473
1.5104
1.6298
1.5474
1.1958
0.63363
0.099709
-0.3348
-0.72747
-1.0792
-1.3597
-1.5384
-1.5919
-1.5066
-1.2806
-0.92486
-0.4632
0.069207
0.62799
1.1627
1.6191
1.935
1.9916
1.4414
0.2592
-0.35741
-0.56669
-0.69522
-0.7701
-0.78308
-0.72876
-0.60747
-0.42575
-0.19613
0.063512
0.33126
0.58282
0.79355
0.94065
1.0054
0.97544
0.84777
0.63017
0.33993
-0.00052612
-0.36546
-0.72495
-1.0463
-1.2976
-1.4508
-1.485
-1.3889
-1.1622
-0.81661
-0.37577
0.12628
0.64731
1.1398
1.5535
1.8326
1.8856
1.4897
0.55198
-0.15114
-0.47384
-0.7003
-0.87615
-0.98722
-1.019
-0.96314
-0.81862
-0.5926
-0.30026
0.03605
0.38828
0.72479
1.0128
1.2207
1.3204
1.2888
1.1138
0.80933
0.42094
-0.0063618
-0.44831
-0.87901
-1.2621
-1.5595
-1.7381
-1.773
-1.6511
-1.3727
-0.95245
-0.41925
0.18561
0.81102
1.3994
1.8876
2.1839
1.9771
0.56763
-0.47476
-0.61305
-0.60753
-0.54541
-0.4325
-0.27583
-0.086817
0.11934
0.32476
0.51034
0.65745
0.74965
0.77455
0.72538
0.60229
0.41252
0.16954
-0.10819
-0.3982
-0.67516
-0.91295
-1.0871
-1.1771
-1.169
-1.0567
-0.84311
-0.54103
-0.1721
0.23426
0.64297
1.0159
1.3143
1.5003
1.5344
1.372
0.99449
0.49691
0.018715
-0.4215
-0.83819
-1.2087
-1.4975
-1.6725
-1.7097
-1.596
-1.3315
-0.92991
-0.41872
0.16254
0.76487
1.333
1.8071
2.107
2.0046
0.88947
-0.30066
-0.56414
-0.62361
-0.62452
-0.57153
-0.46612
-0.31438
-0.12709
0.080947
0.29193
0.48651
0.64544
0.7514
0.79079
0.75547
0.6442
0.46305
0.2247
-0.052946
-0.34776
-0.63443
-0.8863
-1.0779
-1.1875
-1.1994
-1.1056
-0.90736
-0.61578
-0.25117
0.15786
0.57653
0.96636
1.2878
1.5019
1.5676
1.4359
1.0715
0.55822
0.064817
-0.37465
-0.78694
-1.1564
-1.4489
-1.6323
-1.6822
-1.5846
-1.3384
-0.95567
-0.46232
0.10389
0.69558
1.259
1.736
2.0543
2.036
1.1437
-0.13972
-0.51895
-0.61753
-0.65306
-0.63413
-0.55937
-0.43182
-0.25956
-0.055379
0.16408
0.37957
0.57082
0.71829
0.80511
0.81892
0.75367
0.61088
0.39963
0.13531
-0.16189
-0.46776
-0.75532
-0.9971
-1.1678
-1.2467
-1.2203
-1.0837
-0.84168
-0.50931
-0.11091
0.32129
0.74951
1.1331
1.4309
1.601
1.5928
1.3391
0.83456
0.27545
-0.18691
-0.59406
-0.96693
-1.2798
-1.5006
-1.6025
-1.568
-1.3907
-1.0769
-0.6461
-0.12983
0.43016
0.98475
1.4805
1.859
2.0309
1.7345
0.6199
-0.25641
-0.5225
-0.65661
-0.73705
-0.75885
-0.71619
-0.60853
-0.44127
-0.2257
0.021664
0.28015
0.52658
0.73712
0.88943
0.96482
0.95054
0.84218
0.64537
0.37501
0.051841
-0.29958
-0.65061
-0.96973
-1.2256
-1.3903
-1.4425
-1.3694
-1.1692
-0.85125
-0.4368
0.042673
0.54733
1.0318
1.4479
1.7443
1.8505
1.6121
0.85894
0.067793
-0.35137
-0.6317
-0.86278
-1.0336
-1.1251
-1.1233
-1.0219
-0.82322
-0.5389
-0.18916
0.19826
0.59006
0.94992
1.241
1.4278
1.4758
1.3512
1.0394
0.59862
0.13428
-0.31564
-0.75154
-1.1499
-1.4738
-1.6886
-1.7668
-1.6918
-1.4598
-1.0812
-0.58066
0.0041712
0.62504
1.2263
1.7474
2.1129
2.1286
1.1234
-0.28535
-0.58884
-0.61685
-0.58159
-0.49376
-0.35825
-0.18427
0.014813
0.22234
0.41968
0.58781
0.70901
0.7687
0.75712
0.67087
0.51366
0.29596
0.03382
-0.25225
-0.53822
-0.79814
-1.0064
-1.1405
-1.1827
-1.123
-0.95962
-0.70048
-0.36278
0.027808
0.43882
0.83341
1.173
1.4194
1.5348
1.4775
1.208
0.75487
0.25828
-0.19794
-0.62839
-1.028
-1.3642
-1.6021
-1.713
-1.678
-1.49
-1.1557
-0.69564
-0.14353
0.45604
1.0505
1.5824
1.9863
2.1414
1.609
0.15149
-0.49156
-0.60357
-0.6284
-0.59916
-0.51655
-0.38454
-0.21187
-0.011649
0.19954
0.40291
0.57904
0.7096
0.77921
0.77719
0.69917
0.54801
0.33362
0.071678
-0.2175
-0.50989
-0.77924
-0.99936
-1.1467
-1.2026
-1.1556
-1.0029
-0.75115
-0.4167
-0.024615
0.39285
0.79864
1.1535
1.4185
1.5543
1.5169
1.2582
0.79525
0.28159
-0.17787
-0.60337
-0.99803
-1.3316
-1.5696
-1.6837
-1.6547
-1.4753
-1.1516
-0.70324
-0.16292
0.42584
1.0116
1.538
1.9421
2.1165
1.6919
0.32221
-0.43162
-0.58692
-0.64097
-0.64078
-0.58538
-0.47612
-0.31934
-0.1262
0.087993
0.30491
0.50461
0.66733
0.77526
0.81444
0.77662
0.66067
0.47309
0.22713
-0.058702
-0.36167
-0.65574
-0.91359
-1.1091
-1.22
-1.2302
-1.1319
-0.92637
-0.62523
-0.24955
0.17119
0.60113
1.0007
1.3291
1.5457
1.6059
1.4506
1.0373
0.48256
-0.013471
-0.43911
-0.83269
-1.1786
-1.4438
-1.5985
-1.6208
-1.4995
-1.2355
-0.84341
-0.35032
0.20526
0.77616
1.3097
1.7491
2.0221
1.9499
1.0703
-0.089382
-0.47815
-0.61846
-0.69841
-0.72276
-0.68612
-0.58767
-0.43218
-0.23002
0.0033919
0.24867
0.4839
0.68649
0.83514
0.91196
0.90458
0.8083
0.62753
0.37523
0.070442
-0.26351
-0.59927
-0.90677
-1.156
-1.32
-1.3779
-1.3168
-1.1343
-0.83853
-0.44896
0.0050487
0.48597
0.95083
1.354
1.6483
1.7763
1.6347
1.0815
0.32925
-0.18188
-0.53011
-0.82782
-1.0719
-1.2381
-1.3058
-1.2619
-1.1027
-0.83492
-0.47555
-0.051401
0.40283
0.84697
1.2382
1.5329
1.6837
1.6231
1.2541
0.6251
0.057588
-0.36146
-0.72527
-1.0457
-1.2958
-1.4478
-1.4812
-1.3844
-1.1575
-0.81206
-0.37182
0.12924
0.64893
1.1399
1.5518
1.8293
1.8815
1.4889
0.55944
-0.14397
-0.47016
-0.69991
-0.87918
-0.99362
-1.0284
-0.97492
-0.83184
-0.60615
-0.31291
0.025532
0.38102
0.72168
1.0144
1.2273
1.3314
1.3031
1.1289
0.82203
0.43003
0.00036388
-0.44296
-0.87515
-1.2601
-1.5598
-1.7406
-1.7778
-1.6579
-1.381
-0.96157
-0.42841
0.17724
0.80429
1.3951
1.8863
2.1866
1.9855
0.57268
-0.47868
-0.61493
-0.60625
-0.54088
-0.42491
-0.26566
-0.074834
0.13215
0.33728
0.52138
0.66588
0.7545
0.7751
0.72133
0.59373
0.4
0.15397
-0.12564
-0.41607
-0.69187
-0.92689
-1.0968
-1.1814
-1.1671
-1.0483
-0.82859
-0.5213
-0.14861
0.2596
0.66792
1.038
1.3312
1.5095
1.5329
1.3562
0.96493
0.46341
-0.012151
-0.45034
-0.86429
-1.2297
-1.5112
-1.6772
-1.7042
-1.5802
-1.3061
-0.89658
-0.37997
0.20351
0.8044
1.3672
1.8316
2.1146
1.968
0.7909
-0.33136
-0.56868
-0.62572
-0.62541
-0.5711
-0.46433
-0.31129
-0.12289
0.085931
0.29729
0.49178
0.65013
0.75502
0.79291
0.7558
0.6426
0.45957
0.21955
-0.059408
-0.35504
-0.64191
-0.89332
-1.0838
-1.1917
-1.2013
-1.1048
-0.90395
-0.60978
-0.24298
0.16765
0.58712
0.9768
1.2971
1.5087
1.5705
1.4322
1.0593
0.54128
0.048711
-0.38901
-0.7992
-1.1655
-1.4538
-1.6323
-1.6768
-1.5741
-1.3233
-0.93711
-0.44174
0.12473
0.71476
1.2746
1.7461
2.0561
2.0218
1.1067
-0.15217
-0.519
-0.61898
-0.65694
-0.64029
-0.56741
-0.44111
-0.26935
-0.064799
0.15593
0.37353
0.56759
0.71838
0.80872
0.82593
0.76362
0.62298
0.4129
0.14866
-0.1496
-0.45768
-0.74852
-0.99441
-1.1697
-1.2535
-1.2316
-1.0987
-0.85939
-0.52824
-0.12939
0.305
0.73708
1.126
1.4302
1.6074
1.6062
1.356
0.84545
0.27717
-0.18631
-0.59007
-0.95895
-1.2683
-1.4863
-1.5866
-1.5517
-1.3756
-1.0645
-0.63765
-0.12642
0.42785
0.97657
1.4669
1.8412
2.0137
1.7413
0.68045
-0.21413
-0.50463
-0.65483
-0.75147
-0.78921
-0.7608
-0.66428
-0.5038
-0.28971
-0.038033
0.23059
0.49245
0.72267
0.89736
0.99586
1.003
0.9119
0.72611
0.45992
0.13442
-0.2259
-0.59266
-0.93378
-1.2165
-1.4107
-1.4926
-1.4467
-1.2683
-0.96477
-0.5552
-0.070018
0.45119
0.96237
1.4139
1.7531
1.9084
1.7142
0.91799
0.032529
-0.38109
-0.62425
-0.81468
-0.94645
-1.0041
-0.97726
-0.86248
-0.66425
-0.39501
-0.074653
0.27076
0.61095
0.91367
1.1473
1.2829
1.2963
1.1718
0.91317
0.55462
0.1424
-0.29388
-0.73008
-1.1322
-1.4619
-1.6838
-1.7702
-1.7036
-1.4795
-1.1076
-0.61169
-0.028998
0.59265
1.1979
1.7261
2.1035
2.1473
1.1998
-0.2556
-0.58794
-0.61703
-0.5811
-0.49254
-0.35637
-0.18184
0.017591
0.22524
0.42245
0.59017
0.71072
0.76954
0.75697
0.66968
0.51147
0.29293
0.030161
-0.25625
-0.54222
-0.80177
-1.0094
-1.1423
-1.1833
-1.1222
-0.95734
-0.69686
-0.35805
0.033273
0.44457
0.83892
1.1777
1.4228
1.5362
1.4761
1.203
0.74728
0.25056
-0.20509
-0.63499
-1.0336
-1.3683
-1.6042
-1.7128
-1.6752
-1.4848
-1.1484
-0.68679
-0.13381
0.46578
1.0594
1.5894
1.9903
2.1394
1.5916
0.13489
-0.49368
-0.60408
-0.62889
-0.59965
-0.51699
-0.38489
-0.2121
-0.011729
0.19963
0.40318
0.57947
0.71016
0.77986
0.77787
0.69982
0.54857
0.33402
0.071892
-0.2175
-0.51013
-0.77971
-1
-1.1475
-1.2035
-1.1565
-1.0037
-0.75184
-0.41715
-0.024784
0.39301
0.79912
1.1543
1.4195
1.5555
1.5179
1.2584
0.79424
0.2799
-0.17944
-0.60456
-0.99872
-1.3316
-1.5691
-1.6825
-1.6529
-1.4731
-1.1491
-0.70066
-0.16051
0.42785
1.013
1.5386
1.9418
2.1151
1.6898
0.323
-0.43007
-0.58641
-0.64159
-0.64255
-0.5882
-0.47981
-0.32362
-0.13072
0.083641
0.30113
0.50181
0.66582
0.77527
0.81608
0.77983
0.66523
0.47866
0.23327
-0.052495
-0.35593
-0.65103
-0.9104
-1.1078
-1.2209
-1.2334
-1.1371
-0.93339
-0.63349
-0.25838
0.16257
0.59353
0.99488
1.3258
1.5456
1.6093
1.4577
1.046
0.48883
-0.009236
-0.43464
-0.8275
-1.173
-1.4383
-1.5936
-1.617
-1.4971
-1.235
-0.84491
-0.35383
0.19992
0.76937
1.302
1.7413
2.0158
1.9518
1.0952
-0.068325
-0.47039
-0.61601
-0.70066
-0.72977
-0.69758
-0.60283
-0.44989
-0.24884
-0.014868
0.23269
0.47185
0.67975
0.83471
0.91831
0.91751
0.82692
0.65031
0.40032
0.095864
-0.23985
-0.57957
-0.89307
-1.15
-1.3227
-1.3897
-1.3373
-1.1622
-0.87174
-0.4848
-0.030302
0.45441
0.9263
1.3394
1.6461
1.7889
1.6637
1.1141
0.33886
-0.18219
-0.52489
-0.81448
-1.0509
-1.2108
-1.2743
-1.2289
-1.0711
-0.8076
-0.4554
-0.040774
0.40229
0.83455
1.2143
1.4993
1.6449
1.5918
1.2615
0.68748
0.13022
-0.3068
-0.69297
-1.0392
-1.3174
-1.4975
-1.5563
-1.4799
-1.2659
-0.92436
-0.47792
0.039575
0.58516
1.1098
1.5609
1.8799
1.967
1.5442
0.4619
-0.2572
-0.52264
-0.69004
-0.80499
-0.85754
-0.83869
-0.74521
-0.58055
-0.35491
-0.084883
0.20769
0.49726
0.75663
0.9592
1.0813
1.1046
1.0191
0.82713
0.54521
0.19821
-0.18768
-0.58392
-0.95711
-1.2719
-1.4954
-1.6008
-1.5701
-1.3966
-1.0865
-0.6587
-0.14447
0.41469
0.96986
1.4677
1.8501
2.0297
1.7536
0.65739
-0.24195
-0.51714
-0.65362
-0.73627
-0.76048
-0.72024
-0.61479
-0.44933
-0.23493
0.012022
0.27097
0.51874
0.73145
0.88662
0.96534
0.95455
0.84949
0.65542
0.387
0.064849
-0.28657
-0.63875
-0.96016
-1.2194
-1.3882
-1.445
-1.3766
-1.1807
-0.86645
-0.45446
0.024019
0.52934
1.0162
1.4364
1.7389
1.8538
1.63
0.88672
0.082473
-0.34392
-0.62435
-0.85504
-1.0261
-1.1185
-1.1183
-1.019
-0.82296
-0.54143
-0.19443
0.19055
0.58046
0.93919
1.2301
1.418
1.4689
1.3498
1.0463
0.61271
0.15078
-0.29961
-0.73725
-1.1387
-1.4669
-1.6869
-1.7709
-1.7017
-1.4749
-1.1006
-0.6028
-0.01888
0.60315
1.2078
1.7344
2.1084
2.1426
1.1708
-0.2705
-0.58982
-0.61685
-0.57954
-0.48968
-0.35238
-0.17701
0.022873
0.23051
0.42722
0.59397
0.71312
0.77023
0.75575
0.66656
0.50665
0.28673
0.023053
-0.26369
-0.54934
-0.8079
-1.0139
-1.1447
-1.1832
-1.1193
-0.95192
-0.68916
-0.34862
0.043684
0.45506
0.84852
1.1854
1.4276
1.5372
1.472
1.1932
0.73428
0.23817
-0.21652
-0.64584
-1.0432
-1.3757
-1.6086
-1.7135
-1.672
-1.4777
-1.1377
-0.6733
-0.11855
0.48153
1.0742
1.6017
1.9981
2.1371
1.5611
0.10379
-0.49898
-0.6054
-0.6289
-0.59841
-0.51453
-0.38135
-0.20773
-0.0068717
0.20455
0.40772
0.58317
0.71263
0.78077
0.77704
0.69721
0.54433
0.32845
0.065406
-0.22439
-0.51682
-0.78558
-1.0045
-1.15
-1.2037
-1.1543
-0.99908
-0.74501
-0.40863
-0.015229
0.40278
0.80822
1.1618
1.4245
1.557
1.5147
1.2496
0.78191
0.26824
-0.18989
-0.61439
-1.0074
-1.3384
-1.5731
-1.6833
-1.6502
-1.4668
-1.1395
-0.68853
-0.14675
0.44207
1.0264
1.5498
1.949
2.1142
1.6665
0.29237
-0.43657
-0.5883
-0.64234
-0.64222
-0.58675
-0.47731
-0.32022
-0.12667
0.088009
0.30544
0.50565
0.66881
0.77706
0.81642
0.7786
0.66245
0.4745
0.22804
-0.058405
-0.36204
-0.65679
-0.91527
-1.1113
-1.2226
-1.2329
-1.1345
-0.92863
-0.62692
-0.25047
0.17118
0.60209
1.0026
1.3318
1.549
1.6091
1.4523
1.0353
0.47712
-0.01902
-0.44339
-0.83533
-1.1792
-1.4423
-1.5949
-1.6152
-1.4922
-1.2272
-0.83472
-0.34205
0.21232
0.78127
1.3122
1.7486
2.0183
1.9433
1.0689
-0.081964
-0.47368
-0.61816
-0.70239
-0.73095
-0.69806
-0.60251
-0.44876
-0.24694
-0.012322
0.23569
0.47506
0.68289
0.83747
0.92039
0.91867
0.82697
0.64919
0.39809
0.092677
-0.24377
-0.5839
-0.89746
-1.154
-1.3261
-1.3919
-1.3382
-1.1615
-0.86945
-0.48102
-0.025278
0.4603
0.93256
1.3455
1.6512
1.7918
1.6612
1.1019
0.32453
-0.19154
-0.5313
-0.81842
-1.0519
-1.2087
-1.269
-1.2206
-1.0604
-0.79539
-0.44264
-0.028597
0.41271
0.84212
1.2181
1.4986
1.6394
1.5819
1.2507
0.68287
0.13093
-0.3068
-0.69581
-1.0451
-1.326
-1.5082
-1.5683
-1.4922
-1.2773
-0.9338
-0.48439
0.036858
0.58672
1.1158
1.571
1.893
1.9785
1.5336
0.41949
-0.28404
-0.53448
-0.69024
-0.79323
-0.83409
-0.80489
-0.70346
-0.53413
-0.30779
-0.041345
0.24337
0.52123
0.76585
0.95178
1.0568
1.0645
0.96706
0.76851
0.48548
0.14158
-0.23754
-0.62282
-0.98092
-1.2774
-1.4809
-1.5661
-1.517
-1.3288
-1.0092
-0.5783
-0.068197
0.47948
1.0163
1.4899
1.8432
1.9889
1.6845
0.64509
-0.19954
-0.49616
-0.66369
-0.77847
-0.83315
-0.81881
-0.73199
-0.57566
-0.35939
-0.098959
0.18465
0.46679
0.72107
0.92161
1.0453
1.0742
0.99828
0.81909
0.55096
0.21679
-0.15807
-0.54549
-0.91278
-1.2253
-1.4507
-1.5622
-1.5416
-1.3815
-1.0871
-0.67611
-0.17821
0.36661
0.91096
1.403
1.7872
1.987
1.8059
0.88171
-0.098203
-0.45727
-0.63492
-0.75759
-0.82237
-0.81981
-0.7455
-0.60129
-0.39563
-0.1432
0.13595
0.41783
0.67642
0.8858
1.0225
1.0677
1.01
0.84891
0.59643
0.27411
-0.093198
-0.4781
-0.84871
-1.1707
-1.4111
-1.5424
-1.5447
-1.4089
-1.138
-0.74734
-0.26467
0.27185
0.81618
1.3174
1.7214
1.9598
1.8769
1.113
0.050747
-0.40093
-0.60293
-0.74454
-0.83022
-0.84928
-0.79537
-0.6684
-0.47499
-0.22834
0.052488
0.34389
0.61955
0.85255
1.0177
1.0938
1.0664
0.93096
0.69647
0.38383
0.018514
-0.37282
-0.75935
-1.1064
-1.3796
-1.5488
-1.5911
-1.4938
-1.2562
-0.89035
-0.42102
0.11569
0.67476
1.2053
1.6528
1.9533
1.9767
1.3523
0.1726
-0.38369
-0.58009
-0.70342
-0.77257
-0.77923
-0.7185
-0.59131
-0.40476
-0.17191
0.088944
0.35563
0.6038
0.80893
0.94855
1.0045
0.9653
0.82885
0.60397
0.30855
-0.034746
-0.39982
-0.75643
-1.0719
-1.3144
-1.4568
-1.4789
-1.3703
-1.132
-0.7768
-0.32936
0.17548
0.69492
1.1812
1.5839
1.8461
1.87
1.4216
0.47201
-0.18472
-0.49399
-0.71838
-0.89163
-0.99855
-1.0249
-0.96261
-0.8113
-0.5787
-0.2806
0.060053
0.41471
0.75133
1.0369
1.2398
1.3318
1.2897
1.1023
0.78611
0.39003
-0.041082
-0.48429
-0.91344
-1.2918
-1.5814
-1.7496
-1.7723
-1.6375
-1.3465
-0.91526
-0.37366
0.23595
0.86176
1.4457
1.9236
2.1971
1.9116
0.41749
-0.50769
-0.61663
-0.6029
-0.5335
-0.41395
-0.25189
-0.059322
0.14809
0.3522
0.53383
0.67452
0.75826
0.7733
0.71379
0.58083
0.38262
0.1334
-0.14776
-0.43788
-0.71136
-0.94212
-1.106
-1.1835
-1.1612
-1.0345
-0.80761
-0.49454
-0.11814
0.29121
0.69781
1.0632
1.3489
1.5167
1.5265
1.3332
0.92865
0.42605
-0.04572
-0.48227
-0.8939
-1.2545
-1.5285
-1.6848
-1.7009
-1.5655
-1.2805
-0.86172
-0.33842
0.24838
0.84863
1.4065
1.8611
2.1248
1.9221
0.67077
-0.36901
-0.57609
-0.62741
-0.62248
-0.56356
-0.45255
-0.29608
-0.1054
0.10424
0.31479
0.50678
0.66105
0.76056
0.79219
0.74849
0.629
0.44059
0.19659
-0.084561
-0.38029
-0.66498
-0.91195
-1.096
-1.1958
-1.1964
-1.0909
-0.8815
-0.58032
-0.20873
0.20385
0.62204
1.0071
1.3193
1.5197
1.5664
1.4088
1.0183
0.4976
0.010929
-0.42415
-0.83211
-1.1936
-1.4741
-1.6424
-1.6752
-1.56
-1.2971
-0.90051
-0.39732
0.1734
0.76346
1.3187
1.7803
2.0721
1.9892
0.98169
-0.2142
-0.53247
-0.62425
-0.65666
-0.63426
-0.55579
-0.4246
-0.24911
-0.042454
0.17846
0.39418
0.58431
0.72932
0.81246
0.82163
0.7512
0.60315
0.3871
0.11883
-0.18109
-0.48813
-0.7751
-1.0144
-1.1809
-1.2541
-1.2209
-1.077
-0.82778
-0.48899
-0.08559
0.34962
0.7784
1.1598
1.4525
1.6138
1.591
1.3142
0.78877
0.22986
-0.22505
-0.62669
-0.99252
-1.2957
-1.5046
-1.5935
-1.5458
-1.3565
-1.033
-0.59591
-0.077508
0.47991
1.0271
1.5107
1.8721
2.0179
1.6741
0.55074
-0.267
-0.5257
-0.66613
-0.75339
-0.78102
-0.74255
-0.63695
-0.46928
-0.25068
0.0022149
0.26842
0.52418
0.74492
0.90736
0.99178
0.98435
0.87967
0.68295
0.40942
0.080421
-0.27925
-0.64074
-0.9719
-1.2404
-1.4174
-1.4801
-1.4148
-1.2188
-0.90079
-0.48169
0.0068936
0.52461
1.0252
1.4591
1.7735
1.8929
1.6406
0.81064
-0.01057
-0.39867
-0.64626
-0.84323
-0.97958
-1.0391
-1.011
-0.89185
-0.68618
-0.40698
-0.074875
0.28313
0.63561
0.94914
1.1908
1.3302
1.341
1.2046
0.92466
0.54329
0.11622
-0.32735
-0.7668
-1.1689
-1.4952
-1.7105
-1.7873
-1.7089
-1.4717
-1.0864
-0.5782
0.014553
0.64293
1.2506
1.7759
2.1406
2.1302
1.0183
-0.35942
-0.60752
-0.61363
-0.55813
-0.45095
-0.29869
-0.11229
0.093428
0.30077
0.49065
0.64418
0.74449
0.77851
0.73868
0.62421
0.44153
0.20346
-0.072064
-0.36294
-0.64403
-0.88907
-1.0731
-1.1751
-1.1799
-1.0804
-0.87836
-0.58537
-0.22207
0.18289
0.59487
0.97582
1.2869
1.4898
1.5452
1.4077
1.05
0.55343
0.068077
-0.37432
-0.79274
-1.1685
-1.4667
-1.6545
-1.707
-1.6101
-1.3621
-0.97536
-0.4759
0.098107
0.69867
1.2713
1.7568
2.0806
2.0498
1.0781
-0.21328
-0.54614
-0.62005
-0.63227
-0.59047
-0.49527
-0.35177
-0.16984
0.036409
0.2496
0.45046
0.61948
0.73865
0.79333
0.77406
0.67802
0.50981
0.28091
0.0083292
-0.28653
-0.57876
-0.84166
-1.0492
-1.1784
-1.2121
-1.1404
-0.96276
-0.68801
-0.33475
0.069868
0.49199
0.89345
1.2345
1.4758
1.5767
1.4884
1.1646
0.65854
0.14944
-0.29646
-0.71125
-1.0884
-1.3952
-1.5988
-1.6734
-1.6031
-1.3843
-1.0267
-0.55371
-0.00082336
0.58636
1.1553
1.6492
2.0015
2.075
1.4131
0.062348
-0.47141
-0.60134
-0.65671
-0.65794
-0.60251
-0.49166
-0.33175
-0.13412
0.085606
0.30865
0.51456
0.68297
0.79548
0.83761
0.80065
0.6833
0.49216
0.24085
-0.051759
-0.36248
-0.66474
-0.93051
-1.1329
-1.2491
-1.2622
-1.164
-0.95569
-0.64888
-0.26495
0.16603
0.6074
1.0186
1.3576
1.5822
1.6438
1.4725
1.0146
0.42062
-0.074985
-0.48451
-0.85782
-1.1801
-1.4199
-1.5497
-1.5498
-1.4111
-1.1369
-0.74288
-0.25699
0.28226
0.82854
1.3307
1.7341
1.9691
1.8726
1.0752
0.015799
-0.41595
-0.60964
-0.74409
-0.82229
-0.83409
-0.77381
-0.64201
-0.44587
-0.19898
0.079395
0.36568
0.63385
0.8575
1.0122
1.0777
1.0407
0.89808
0.65968
0.34623
-0.017407
-0.40444
-0.78376
-1.1209
-1.3822
-1.5384
-1.5678
-1.4588
-1.2119
-0.8402
-0.36923
0.16444
0.71573
1.234
1.6654
1.9457
1.9425
1.3
0.16786
-0.37033
-0.57917
-0.71817
-0.80281
-0.82324
-0.7732
-0.65241
-0.46707
-0.22978
0.041162
0.32306
0.5905
0.81747
0.97958
1.0564
1.0339
0.90758
0.68523
0.3856
0.032604
-0.34758
-0.72465
-1.0648
-1.3344
-1.5039
-1.5507
-1.4619
-1.2363
-0.88514
-0.432
0.0884
0.63257
1.1512
1.5916
1.8943
1.9523
1.4729
0.3841
-0.28092
-0.53545
-0.70254
-0.81692
-0.8678
-0.84621
-0.74912
-0.58023
-0.35011
-0.075721
0.22066
0.5131
0.77405
0.97662
1.097
1.1166
1.0258
0.82728
0.53867
0.18582
-0.20477
-0.6044
-0.97935
-1.294
-1.5153
-1.6165
-1.5799
-1.3992
-1.0811
-0.6453
-0.12372
0.44138
1.0004
1.4993
1.8788
2.0453
1.7148
0.54671
-0.29706
-0.53869
-0.65839
-0.7244
-0.73198
-0.67658
-0.55894
-0.38558
-0.16862
0.074967
0.32449
0.55721
0.75024
0.88261
0.9374
0.90396
0.78006
0.57303
0.29835
-0.023164
-0.36667
-0.70338
-1.0024
-1.2338
-1.3716
-1.3967
-1.2989
-1.0786
-0.7477
-0.32885
0.14536
0.63487
1.0949
1.4784
1.7354
1.7952
1.5147
0.79334
0.077954
-0.34023
-0.64784
-0.90902
-1.108
-1.2226
-1.2367
-1.1417
-0.93903
-0.63971
-0.26463
0.15685
0.58892
0.99188
1.3249
1.5469
1.613
1.4632
1.0508
0.49048
-0.0090203
-0.4337
-0.82531
-1.1696
-1.4339
-1.5886
-1.6118
-1.4922
-1.2308
-0.84185
-0.35229
0.1997
0.76729
1.2981
1.7359
2.0099
1.9497
1.1106
-0.050739
-0.46296
-0.61406
-0.70382
-0.73805
-0.71057
-0.61966
-0.46929
-0.26918
-0.034353
0.21592
0.45954
0.67336
0.83524
0.92617
0.9324
0.84775
0.67535
0.42749
0.12302
-0.21494
-0.5592
-0.8794
-1.1447
-1.3269
-1.4037
-1.3604
-1.1929
-0.90784
-0.52329
-0.067815
0.42143
0.90124
1.3253
1.6454
1.8038
1.6946
1.145
0.34199
-0.1885
-0.52324
-0.80204
-1.0279
-1.1787
-1.2353
-1.1861
-1.0283
-0.76866
-0.42418
-0.020687
0.40862
0.82558
1.1898
1.4609
1.5971
1.5478
1.253
0.73923
0.2047
-0.2463
-0.65548
-1.029
-1.3372
-1.5477
-1.6344
-1.5805
-1.3814
-1.0451
-0.59324
-0.059275
0.51309
1.0731
1.5659
1.9296
2.0556
1.5975
0.33745
-0.37404
-0.56794
-0.66629
-0.71092
-0.69698
-0.62179
-0.48803
-0.30396
-0.083067
0.15681
0.3948
0.60865
0.7767
0.87986
0.90377
0.84086
0.69209
0.46727
0.18315
-0.13871
-0.47268
-0.78974
-1.0599
-1.2551
-1.3523
-1.3357
-1.1989
-0.94621
-0.59272
-0.16405
0.30544
0.77499
1.2003
1.5356
1.7312
1.7125
1.348
0.64405
0.025374
-0.37726
-0.70642
-0.99032
-1.2064
-1.3303
-1.3443
-1.2395
-1.0172
-0.68972
-0.27994
0.18006
0.65114
1.0899
1.4512
1.6878
1.7367
1.4849
0.85791
0.18271
-0.26737
-0.61477
-0.91891
-1.1627
-1.3202
-1.3711
-1.3033
-1.1147
-0.8143
-0.42198
0.032463
0.51131
0.97157
1.3678
1.6529
1.7691
1.6127
1.0511
0.31266
-0.18905
-0.53896
-0.84019
-1.0871
-1.2549
-1.3228
-1.2776
-1.1155
-0.84344
-0.47873
-0.048564
0.41183
0.86172
1.2576
1.5552
1.7054
1.6348
1.2358
0.57453
0.0086992
-0.397
-0.74706
-1.0517
-1.2843
-1.4188
-1.436
-1.3262
-1.0905
-0.74204
-0.30494
0.18658
0.69074
1.1611
1.5488
1.8001
1.829
1.4454
0.59422
-0.0854
-0.44015
-0.70372
-0.91824
-1.0668
-1.1313
-1.1001
-0.96937
-0.74424
-0.43888
-0.07585
0.3153
0.7002
1.0422
1.305
1.4536
1.454
1.2748
0.91781
0.4635
0.0040792
-0.44283
-0.87204
-1.2535
-1.55
-1.7284
-1.7641
-1.6438
-1.3678
-0.95055
-0.42075
0.1806
0.80274
1.3884
1.875
2.1728
1.9852
0.62033
-0.4521
-0.60761
-0.61136
-0.55827
-0.45381
-0.30421
-0.12014
0.08381
0.29016
0.47995
0.63439
0.7366
0.7734
0.73701
0.62636
0.4475
0.21291
-0.059767
-0.34872
-0.62905
-0.87465
-1.0606
-1.1658
-1.1749
-1.0804
-0.88377
-0.59604
-0.23738
0.16402
0.57397
0.95471
1.2676
1.4748
1.5378
1.4129
1.0721
0.58657
0.10135
-0.34401
-0.76662
-1.1489
-1.4558
-1.6539
-1.7176
-1.6315
-1.3932
-1.014
-0.51901
0.054202
0.658
1.2379
1.7349
2.0758
2.0794
1.159
-0.18839
-0.54723
-0.61804
-0.62514
-0.57845
-0.47913
-0.33271
-0.1494
0.056423
0.26731
0.46408
0.62745
0.73983
0.78718
0.76068
0.65826
0.48516
0.25329
-0.020019
-0.31316
-0.60116
-0.8575
-1.0565
-1.1761
-1.1995
-1.1181
-0.93209
-0.65121
-0.2948
0.10952
0.52763
0.92146
1.2516
1.4793
1.5643
1.4595
1.1253
0.62488
0.12571
-0.31913
-0.73642
-1.1148
-1.4206
-1.6208
-1.6897
-1.6118
-1.3841
-1.017
-0.53474
0.02633
0.61973
1.1922
1.686
2.0321
2.0767
1.3113
-0.04712
-0.50477
-0.61056
-0.64749
-0.63026
-0.55767
-0.43258
-0.26289
-0.061155
0.15623
0.37023
0.56076
0.70841
0.79635
0.81221
0.7498
0.61037
0.4027
0.14185
-0.15228
-0.45574
-0.74183
-0.98327
-1.1548
-1.2359
-1.2128
-1.0804
-0.84323
-0.51586
-0.1222
0.30598
0.73133
1.1136
1.412
1.5854
1.5854
1.3492
0.86673
0.31429
-0.15339
-0.56706
-0.94808
-1.2713
-1.5039
-1.6181
-1.5953
-1.428
-1.1216
-0.69449
-0.17772
0.38723
0.95116
1.4602
1.8557
2.0496
1.7815
0.65059
-0.26885
-0.52955
-0.64948
-0.71514
-0.72313
-0.66899
-0.55339
-0.38273
-0.1689
0.071348
0.31764
0.54756
0.7385
0.86975
0.92463
0.89258
0.77132
0.56788
0.29733
-0.019875
-0.35916
-0.69208
-0.98809
-1.2176
-1.3548
-1.3808
-1.2855
-1.0691
-0.74321
-0.33014
0.13801
0.62172
1.0768
1.4568
1.713
1.7788
1.5246
0.84833
0.1352
-0.30277
-0.62607
-0.90374
-1.1206
-1.2534
-1.2838
-1.2022
-1.0081
-0.71167
-0.33303
0.098574
0.54687
0.97115
1.329
1.5773
1.6674
1.5274
1.0841
0.46801
-0.045727
-0.45307
-0.81994
-1.138
-1.3773
-1.5104
-1.5176
-1.3896
-1.1286
-0.7496
-0.27914
0.24567
0.77992
1.2739
1.6749
1.9193
1.8757
1.2322
0.19237
-0.33321
-0.57236
-0.74587
-0.86485
-0.91631
-0.89088
-0.78559
-0.60456
-0.35922
-0.067726
0.24621
0.55502
0.82953
1.0412
1.1647
1.1799
1.076
0.85674
0.54417
0.16922
-0.24028
-0.65592
-1.0432
-1.3651
-1.5877
-1.6836
-1.6351
-1.4367
-1.0962
-0.63499
-0.087226
0.50249
1.0821
1.5948
1.9761
2.1049
1.5624
0.17694
-0.45802
-0.59501
-0.64636
-0.64368
-0.58536
-0.473
-0.31319
-0.11738
0.098863
0.31695
0.5168
0.67853
0.78433
0.82038
0.77865
0.65835
0.46641
0.21649
-0.072585
-0.37775
-0.67272
-0.92997
-1.1233
-1.2307
-1.2361
-1.132
-0.92039
-0.61327
-0.23229
0.19251
0.62481
1.0246
1.351
1.5626
1.6134
1.441
1.0044
0.43909
-0.052106
-0.47178
-0.85862
-1.1953
-1.4492
-1.5913
-1.6007
-1.4674
-1.1937
-0.79499
-0.2993
0.25436
0.81863
1.341
1.7649
2.0167
1.9096
1.003
-0.10122
-0.47431
-0.62318
-0.71362
-0.74786
-0.7195
-0.62682
-0.4739
-0.27065
-0.032324
0.22151
0.4684
0.68489
0.84854
0.94004
0.94548
0.85864
0.68284
0.4308
0.1218
-0.22071
-0.56926
-0.89312
-1.1611
-1.3447
-1.4212
-1.3761
-1.2052
-0.91536
-0.52504
-0.063211
0.43239
0.91797
1.3466
1.669
1.8251
1.6984
1.101
0.27452
-0.23421
-0.55049
-0.81211
-1.0192
-1.1506
-1.1892
-1.125
-0.9566
-0.69237
-0.34997
0.044446
0.45801
0.85353
1.1922
1.4355
1.5451
1.4777
1.1927
0.72561
0.22588
-0.22792
-0.65485
-1.0489
-1.3774
-1.6058
-1.7063
-1.6606
-1.4629
-1.1206
-0.65536
-0.10135
0.49634
1.085
1.6072
1.997
2.1273
1.5432
0.10436
-0.49197
-0.60386
-0.63371
-0.60955
-0.53142
-0.40284
-0.23215
-0.032179
0.18064
0.38751
0.5688
0.70584
0.78272
0.7881
0.71689
0.57127
0.36061
0.10025
-0.18975
-0.4855
-0.76066
-0.98869
-1.1454
-1.2115
-1.1746
-1.031
-0.78632
-0.4562
-0.065105
0.35505
0.76724
1.132
1.4098
1.561
1.5404
1.2958
0.83315
0.30882
-0.15463
-0.57816
-0.97115
-1.3052
-1.5463
-1.6657
-1.6441
-1.4736
-1.1595
-0.72071
-0.18903
0.39289
0.97444
1.5
1.9083
2.1007
1.7538
0.45801
-0.3828
-0.57169
-0.64403
-0.66198
-0.62397
-0.52976
-0.38414
-0.19695
0.017408
0.24102
0.45382
0.63527
0.76621
0.83081
0.81844
0.72544
0.55601
0.32178
0.040125
-0.26706
-0.57415
-0.85333
-1.0772
-1.2213
-1.267
-1.2031
-1.0279
-0.74992
-0.38746
0.031873
0.47324
0.89703
1.2616
1.5251
1.6424
1.5522
1.1831
0.60406
0.0696
-0.35894
-0.74477
-1.0881
-1.3588
-1.5271
-1.5706
-1.4764
-1.2438
-0.88433
-0.42242
0.10647
0.65803
1.1821
1.6253
1.9254
1.9642
1.4094
0.26988
-0.33746
-0.56107
-0.70597
-0.79733
-0.82542
-0.78337
-0.67018
-0.49134
-0.25876
0.0098224
0.29209
0.56281
0.7959
0.96662
1.0539
1.043
0.92796
0.71527
0.42274
0.074053
-0.30493
-0.6844
-1.0308
-1.3101
-1.4923
-1.5537
-1.4802
-1.2694
-0.93095
-0.4872
0.028267
0.57274
1.0973
1.5497
1.8717
1.9662
1.5643
0.49597
-0.24173
-0.51529
-0.68663
-0.80567
-0.8625
-0.84777
-0.75787
-0.59586
-0.37165
-0.10161
0.19252
0.48517
0.74896
0.95698
1.0851
1.1144
1.0343
0.84618
0.56623
0.21964
-0.16721
-0.56601
-0.9435
-1.2641
-1.4946
-1.6075
-1.5842
-1.4174
-1.1125
-0.68783
-0.17428
0.38689
0.94682
1.452
1.8443
2.0379
1.7843
0.68961
-0.2413
-0.51839
-0.64903
-0.72541
-0.74389
-0.69905
-0.59064
-0.42423
-0.21113
0.032247
0.2855
0.52583
0.72993
0.87606
0.94617
0.92818
0.81819
0.62206
0.35439
0.035574
-0.31003
-0.65399
-0.96526
-1.2131
-1.3705
-1.4166
-1.3394
-1.1375
-0.82074
-0.41034
0.06236
0.55795
1.0317
1.4364
1.722
1.8212
1.5954
0.89493
0.12585
-0.31394
-0.61651
-0.87086
-1.0657
-1.1799
-1.1973
-1.1097
-0.9177
-0.63181
-0.27182
0.1342
0.55184
0.94289
1.268
1.4883
1.5635
1.446
1.099
0.59447
0.098833
-0.34389
-0.75977
-1.1351
-1.4357
-1.629
-1.6898
-1.6032
-1.367
-0.99239
-0.50431
0.06013
0.65401
1.2237
1.7113
2.0459
2.0622
1.2303
-0.10065
-0.51519
-0.61427
-0.64761
-0.62671
-0.55052
-0.42225
-0.25011
-0.046931
0.17068
0.38359
0.5717
0.71575
0.79915
0.8099
0.74228
0.59806
0.38647
0.12291
-0.17242
-0.47536
-0.75912
-0.99648
-1.1625
-1.2369
-1.2066
-1.067
-0.82345
-0.49104
-0.094295
0.33461
0.75806
1.1357
1.4269
1.5904
1.5769
1.3239
0.83061
0.28217
-0.18029
-0.59233
-0.97108
-1.2899
-1.5161
-1.6224
-1.5907
-1.4143
-1.0994
-0.66527
-0.14369
0.42325
0.98593
1.4902
1.8767
2.0527
1.7358
0.562
-0.30034
-0.54048
-0.65508
-0.71578
-0.71847
-0.65909
-0.53881
-0.36447
-0.1484
0.092358
0.33725
0.56384
0.7497
0.87447
0.92195
0.8823
0.75402
0.54486
0.27038
-0.048688
-0.38747
-0.71732
-1.0078
-1.2295
-1.3573
-1.3731
-1.2674
-1.0417
-0.70834
-0.29051
0.17908
0.6605
1.1094
1.4796
1.7219
1.7674
1.4836
0.79171
0.10147
-0.32394
-0.64678
-0.92448
-1.1396
-1.2688
-1.294
-1.2058
-1.0044
-0.70039
-0.31476
0.12263
0.57488
1.0007
1.3573
1.6008
1.6804
1.5175
1.0382
0.40658
-0.096188
-0.49263
-0.84863
-1.1531
-1.3763
-1.4924
-1.4831
-1.3405
-1.0686
-0.68333
-0.21229
0.30695
0.82954
1.3063
1.6851
1.9025
1.8257
1.1711
0.19077
-0.31767
-0.57318
-0.76698
-0.90584
-0.9748
-0.96271
-0.86506
-0.68491
-0.4331
-0.12787
0.2063
0.54045
0.84338
1.0841
1.2341
1.2696
1.1746
0.9491
0.61888
0.22477
-0.20171
-0.63533
-1.0431
-1.3869
-1.6309
-1.7457
-1.7118
-1.5219
-1.1826
-0.71474
-0.15253
0.45867
1.0653
1.6087
2.0214
2.1716
1.5566
0.023421
-0.54014
-0.61387
-0.60733
-0.54701
-0.43599
-0.28102
-0.093349
0.11197
0.31719
0.50326
0.65155
0.74557
0.77279
0.72627
0.60589
0.41865
0.1778
-0.098413
-0.38768
-0.66482
-0.90374
-1.0799
-1.1728
-1.1682
-1.0595
-0.84976
-0.55109
-0.18488
0.21975
0.62797
1.0018
1.3025
1.4926
1.5328
1.3792
1.0117
0.51868
0.039501
-0.40234
-0.8213
-1.1956
-1.4896
-1.6709
-1.715
-1.6083
-1.35
-0.95339
-0.44536
0.13498
0.73888
1.3112
1.7921
2.1033
2.0272
0.94838
-0.28378
-0.56293
-0.62214
-0.62187
-0.56782
-0.46163
-0.30945
-0.12215
0.085431
0.29552
0.48881
0.64615
0.75034
0.78795
0.75101
0.63845
0.45647
0.21782
-0.059548
-0.35348
-0.63869
-0.88862
-1.078
-1.1851
-1.1946
-1.0986
-0.89878
-0.60624
-0.24149
0.1668
0.58385
0.97125
1.2896
1.5002
1.5622
1.4275
1.0632
0.55349
0.062452
-0.37751
-0.79111
-1.1617
-1.4549
-1.6386
-1.6881
-1.5897
-1.342
-0.95742
-0.46192
0.10654
0.70041
1.2657
1.744
2.0622
2.0372
1.1181
-0.16338
-0.52694
-0.6188
-0.64823
-0.62328
-0.54308
-0.41121
-0.23624
-0.031307
0.18673
0.39861
0.58422
0.72442
0.8029
0.80803
0.73462
0.58501
0.36894
0.1022
-0.19467
-0.49728
-0.77868
-1.0117
-1.1717
-1.2389
-1.2006
-1.0531
-0.80226
-0.46408
-0.063634
0.36639
0.78806
1.161
1.4444
1.5967
1.5678
1.2948
0.7885
0.24409
-0.21257
-0.62212
-0.99724
-1.3099
-1.5277
-1.624
-1.5814
-1.3942
-1.0696
-0.62785
-0.10157
0.4665
1.0263
1.5236
1.898
2.051
1.6764
0.46855
-0.3282
-0.5505
-0.66167
-0.7192
-0.71823
