-0.84801
-0.66836
-0.39526
-0.048217
0.34435
0.74692
1.1203
1.4273
1.6376
1.7291
1.6875
1.5081
1.1978
0.77627
0.27437
-0.26727
-0.8016
-1.279
-1.6515
-1.8776
-1.9264
-1.7814
-1.443
-0.93187
-0.29822
0.32343
0.63709
0.60384
0.46102
0.28141
0.083605
-0.11528
-0.29701
-0.44371
-0.53945
-0.57194
-0.53387
-0.42395
-0.24749
-0.016405
0.25146
0.5336
0.80476
1.0393
1.2135
1.3078
1.3083
1.2089
1.0117
0.72806
0.37818
-0.010405
-0.40466
-0.7687
-1.067
-1.2674
-1.3449
-1.2839
-1.0806
-0.74461
-0.29965
0.21482
0.73923
1.1917
1.4998
1.6504
1.6605
1.5362
1.2821
0.91285
0.45434
-0.05745
-0.57915
-1.0635
-1.4632
-1.7358
-1.8474
-1.7765
-1.5175
-1.0827
-0.50641
0.13357
0.63882
0.78857
0.71827
0.57358
0.38509
0.16839
-0.05848
-0.27536
-0.46163
-0.59802
-0.66857
-0.66227
-0.57447
-0.40778
-0.17236
0.11442
0.42907
0.74391
1.0297
1.2584
1.406
1.4543
1.3923
1.2182
0.94041
0.57716
0.15598
-0.28844
-0.71684
-1.0887
-1.3659
-1.5163
-1.5175
-1.359
-1.0452
-0.59587
-0.049816
0.52443
1.0068
1.2781
1.356
1.3066
1.1509
0.89874
0.5668
0.18005
-0.22975
-0.62652
-0.97285
-1.2334
-1.3782
-1.3861
-1.2469
-0.96375
-0.55408
-0.051007
0.49237
0.99418
1.3586
1.5485
1.5907
1.503
1.2908
0.96552
0.54919
0.0738
-0.42104
-0.89117
-1.2916
-1.5807
-1.7241
-1.6987
-1.4953
-1.1212
-0.60253
0.006994
0.58744
0.92699
0.98344
0.90534
0.75218
0.53922
0.28223
0.001803
-0.27789
-0.53109
-0.73266
-0.86049
-0.89777
-0.83486
-0.6708
-0.41404
-0.082526
0.29708
0.69103
1.0617
1.3725
1.5926
1.6988
1.6757
1.517
1.2283
0.8268
0.34177
-0.18802
-0.71696
-1.1964
-1.5786
-1.8219
-1.8942
-1.7771
-1.4689
-0.98678
-0.37401
0.26218
0.66121
0.69274
0.57454
0.40626
0.20886
-0.0011074
-0.2052
-0.38424
-0.52003
-0.5971
-0.60434
-0.53632
-0.39422
-0.18622
0.072757
0.36194
0.65633
0.92896
1.1535
1.3065
1.3697
1.3314
1.1883
0.94636
0.62092
0.23614
-0.17671
-0.58162
-0.94078
-1.218
-1.3821
-1.4101
-1.2903
-1.0238
-0.62615
-0.1286
0.41783
0.93246
1.3139
1.5156
1.5657
1.487
1.2856
0.97243
0.5684
0.1044
-0.38107
-0.84485
-1.2428
-1.5337
-1.6833
-1.6683
-1.4788
-1.121
-0.61902
-0.022151
0.56549
0.95113
1.0545
1.0036
0.86718
0.66125
0.40055
0.10527
-0.19982
-0.48735
-0.72966
-0.90133
-0.9817
-0.95711
-0.8227
-0.58356
-0.25513
0.13711
0.55877
0.96905
1.3259
1.5938
1.747
1.7683
1.6484
1.3889
1.004
0.52038
-0.024326
-0.58428
-1.109
-1.5479
-1.8545
-1.9915
-1.9345
-1.6759
-1.227
-0.62391
0.039508
0.49255
0.52126
0.37712
0.19663
0.0053685
-0.17933
-0.34002
-0.46025
-0.52619
-0.52806
-0.46131
-0.32746
-0.13437
0.10402
0.36855
0.6364
0.88303
1.0845
1.2196
1.2718
1.2308
1.094
0.86753
0.56586
0.21156
-0.16642
-0.53499
-0.85957
-1.1073
-1.25
-1.2673
-1.1492
-0.89746
-0.52693
-0.066153
0.44142
0.93506
1.3428
1.6141
1.7406
1.7266
1.572
1.2824
0.87512
0.3794
-0.16529
-0.71227
-1.2114
-1.6134
-1.8745
-1.9611
-1.8531
-1.5476
-1.0612
-0.43768
0.20647
0.57764
0.56392
0.41956
0.23993
0.045826
-0.14563
-0.31663
-0.45005
-0.53102
-0.5485
-0.49654
-0.37524
-0.19113
0.042926
0.30849
0.58295
0.84147
1.0593
1.2141
1.2876
1.268
1.1507
0.93969
0.648
0.29682
-0.08567
-0.46648
-0.81046
-1.0834
-1.2553
-1.3034
-1.2148
-0.98841
-0.6364
-0.18472
0.32548
0.83449
1.2661
1.5595
1.7034
1.7069
1.5721
1.3036
0.91695
0.43946
-0.091254
-0.63009
-1.128
-1.5365
-1.8116
-1.9188
-1.8368
-1.5605
-1.1035
-0.50368
0.14559
0.59711
0.65888
0.54268
0.37536
0.18161
-0.021958
-0.21729
-0.38584
-0.51028
-0.57611
-0.57327
-0.49735
-0.35039
-0.14125
0.11481
0.39706
0.68092
0.94025
1.1498
1.2873
1.3359
1.2851
1.1329
0.88625
0.56137
0.18267
-0.21877
-0.60759
-0.94717
-1.2028
-1.3453
-1.3536
-1.2179
-0.94115
-0.54025
-0.047282
0.48729
0.98794
1.3658
1.5784
1.6422
1.5722
1.3724
1.0528
0.63456
0.14928
-0.36308
-0.85728
-1.2866
-1.607
-1.7815
-1.784
-1.6026
-1.242
-0.72614
-0.10744
0.4893
0.82325
0.84947
0.74784
0.5845
0.37613
0.13905
-0.10692
-0.33977
-0.53719
-0.67855
-0.74702
-0.73128
-0.62706
-0.43803
-0.1761
0.13906
0.4812
0.8197
1.1226
1.3602
1.5074
1.5457
1.4647
1.2637
0.9528
0.55309
0.09512
-0.38305
-0.83884
-1.2288
-1.5124
-1.6563
-1.6375
-1.4469
-1.0907
-0.59332
-0.0028121
0.58189
0.98037
1.1057
1.0706
0.94346
0.74037
0.47542
0.16872
-0.15444
-0.46545
-0.73489
-0.93509
-1.0429
-1.0419
-0.92495
-0.695
-0.36609
0.036826
0.47857
0.91548
1.3007
1.5941
1.7693
1.8101
1.7069
1.4598
1.0817
0.59812
0.046329
-0.5277
-1.0727
-1.5366
-1.871
-2.0361
-2.0052
-1.7679
-1.333
-0.73395
-0.060362
0.41149
0.43257
0.27275
0.084523
-0.10469
-0.27708
-0.41562
-0.50523
-0.53431
-0.49605
-0.3894
-0.21961
0.0018261
0.2578
0.5268
0.78476
1.0073
1.1718
1.2596
1.2578
1.1604
0.96985
0.69723
0.36193
-0.0095801
-0.38564
-0.73197
-1.0147
-1.2033
-1.2741
-1.2123
-1.0149
-0.69107
-0.26372
0.23022
0.73752
1.189
1.5203
1.7068
1.7517
1.6559
1.4212
1.0599
0.59643
0.06622
-0.48656
-1.0126
-1.4618
-1.7873
-1.9506
-1.9257
-1.7019
-1.2874
-0.71276
-0.05287
0.47453
0.59351
0.47929
0.31015
0.11999
-0.074106
-0.25451
-0.40369
-0.50577
-0.54812
-0.52277
-0.42746
-0.26625
-0.049652
0.20591
0.47924
0.74616
0.98165
1.1622
1.268
1.2845
1.2043
1.028
0.76532
0.43436
0.060835
-0.32386
-0.68511
-0.98807
-1.2008
-1.2976
-1.2615
-1.0868
-0.78064
-0.36354
0.12947
0.64641
1.1162
1.4669
1.6679
1.7256
1.6445
1.4265
1.0826
0.63549
0.11929
-0.4234
-0.94449
-1.3945
-1.7272
-1.9038
-1.8972
-1.6957
-1.3053
-0.75332
-0.10399
0.46379
0.66253
0.5849
0.43109
0.24521
0.044141
-0.15459
-0.33255
-0.47194
-0.55728
-0.57702
-0.52485
-0.40072
-0.21126
0.030324
0.30502
0.58942
0.85779
1.0845
1.2462
1.3242
1.3059
1.1866
0.97011
0.66977
0.30734
-0.088158
-0.48265
-0.83977
-1.1241
-1.3044
-1.357
-1.2682
-1.0368
-0.67498
-0.20966
0.31572
0.83548
1.2627
1.5333
1.6482
1.6257
1.4708
1.1901
0.80087
0.33129
-0.18102
-0.69191
-1.1543
-1.5222
-1.7554
-1.8229
-1.7074
-1.4071
-0.93903
-0.34365
0.28607
0.73032
0.82845
0.74755
0.59794
0.40252
0.17684
-0.060414
-0.28822
-0.48498
-0.63045
-0.70772
-0.705
-0.6171
-0.44638
-0.20313
0.094748
0.42288
0.75231
1.0523
1.2936
1.4511
1.5056
1.4455
1.2686
0.98309
0.6077
0.17071
-0.29197
-0.73957
-1.1299
-1.423
-1.5852
-1.5926
-1.434
-1.1131
-0.65014
-0.08606
0.5019
0.96868
1.187
1.2135
1.1277
0.95074
0.69428
0.37653
0.022454
-0.33791
-0.67185
-0.94682
-1.1334
-1.2085
-1.1573
-0.97617
-0.67327
-0.26941
0.20164
0.69258
1.1438
1.4967
1.7188
1.8018
1.7417
1.5373
1.1976
0.74459
0.21196
-0.35682
-0.91195
-1.4014
-1.7756
-1.9921
-2.0201
-1.8442
-1.4673
-0.91445
-0.24936
0.32975
0.48664
0.36053
0.18027
-0.010217
-0.19269
-0.34977
-0.46526
-0.52566
-0.52166
-0.44924
-0.31044
-0.11364
0.12677
0.39137
0.65718
0.89975
1.0954
1.2233
1.2675
1.2184
1.0741
0.84135
0.53542
0.17938
-0.19752
-0.56206
-0.87985
-1.1184
-1.2503
-1.2562
-1.1267
-0.86497
-0.48688
-0.022021
0.48513
0.97311
1.3713
1.6325
1.75
1.7268
1.5626
1.2636
0.84797
0.34586
-0.20258
-0.75015
-1.2464
-1.6421
-1.8939
-1.9687
-1.8474
-1.5283
-1.0294
-0.39762
0.2396
0.57517
0.53833
0.38711
0.20474
0.011
-0.17685
-0.34114
-0.46511
-0.53461
-0.5395
-0.47493
-0.34215
-0.14885
0.091082
0.35845
0.63021
0.88153
1.0881
1.2282
1.285
1.2476
1.1132
0.88748
0.58479
0.22766
-0.15484
-0.5293
-0.86071
-1.1156
-1.2652
-1.2886
-1.1749
-0.92555
-0.55496
-0.091561
0.42087
0.92005
1.3307
1.6001
1.7226
1.7051
1.5487
1.2593
0.85431
0.36303
-0.17542
-0.71479
-1.2055
-1.5991
-1.8526
-1.9329
-1.8209
-1.514
-1.0293
-0.4102
0.23066
0.61369
0.61866
0.48491
0.30971
0.11387
-0.085703
-0.27089
-0.42368
-0.52778
-0.57027
-0.54304
-0.44384
-0.27699
-0.053409
0.2099
0.49106
0.76511
1.0063
1.1907
1.2978
1.313
1.2287
1.0459
0.77454
0.43349
0.049244
-0.34585
-0.7162
-1.026
-1.2426
-1.3397
-1.3
-1.118
-0.80115
-0.37101
0.1356
0.66274
1.1316
1.4647
1.6391
1.6709
1.5676
1.3331
0.97997
0.5326
0.025519
-0.49878
-0.99326
-1.4104
-1.7064
-1.8456
-1.8045
-1.5747
-1.1655
-0.60706
0.032528
0.57767
0.77942
0.72648
0.58885
0.40573
0.19284
-0.032207
-0.24956
-0.43869
-0.58027
-0.65798
-0.66032
-0.58191
-0.42455
-0.19753
0.08267
0.39332
0.70729
0.99556
1.2301
1.3866
1.4459
1.3966
1.2356
0.9702
0.61749
0.20387
-0.23687
-0.66607
-1.0434
-1.3307
-1.4951
-1.5132
-1.3732
-1.0777
-0.64457
-0.10986
0.46351
0.96504
1.27
1.3748
1.3449
1.2053
0.96533
0.64025
0.25408
-0.16191
-0.57154
-0.93668
-1.2207
-1.3917
-1.4264
-1.3121
-1.0495
-0.65359
-0.15531
0.39434
0.91337
1.2965
1.4952
1.5415
1.4606
1.2593
0.94861
0.54943
0.092345
-0.38462
-0.83897
-1.2274
-1.5094
-1.652
-1.6322
-1.4409
-1.0846
-0.58762
0.0019755
0.58593
0.98568
1.114
1.0813
0.95553
0.75281
0.4871
0.17851
-0.14756
-0.46232
-0.73606
-0.94075
-1.0528
-1.0555
-0.94119
-0.71259
-0.38348
0.021233
0.46623
0.90734
1.2968
1.5936
1.7715
1.8145
1.7131
1.4673
1.09
0.60653
0.054061
-0.52142
-1.0686
-1.5351
-1.8724
-2.0407
-2.0126
-1.7776
-1.3443
-0.74581
-0.071217
0.40282
0.4233
0.26183
0.072774
-0.11625
-0.28737
-0.42361
-0.51002
-0.53524
-0.49278
-0.38195
-0.20839
0.01604
0.27387
0.54336
0.8003
1.0203
1.181
1.2639
1.2564
1.153
0.95685
0.67939
0.34055
-0.032782
-0.40865
-0.75267
-1.031
-1.2134
-1.2766
-1.2066
-1.0008
-0.6695
-0.23627
0.26091
0.76752
1.2133
1.5354
1.7121
1.7473
1.642
1.3984
1.0298
0.56113
0.028684
-0.52303
-1.0446
-1.486
-1.801
-1.9518
-1.9134
-1.6764
-1.2503
-0.66738
-0.0076088
0.49924
0.59571
0.47672
0.30637
0.11545
-0.079026
-0.25938
-0.40806
-0.50921
-0.55025
-0.5233
-0.42623
-0.26326
-0.045065
0.21177
0.48591
0.75306
0.98816
1.1677
1.2719
1.2864
1.2038
1.025
0.75996
0.42695
0.051923
-0.33356
-0.69477
-0.99679
-1.2077
-1.3019
-1.2627
-1.0846
-0.77492
-0.3547
0.14059
0.65826
1.1263
1.4726
1.6684
1.721
1.6352
1.4129
1.0657
0.6167
0.10015
-0.44115
-0.95912
-1.4045
-1.7312
-1.9011
-1.8876
-1.6796
-1.2838
-0.7283
-0.078896
0.48183
0.6721
0.59351
0.44007
0.25389
0.05172
-0.1489
-0.32939
-0.47178
-0.56035
-0.58325
-0.53389
-0.41192
-0.22374
0.017638
0.29328
0.57975
0.85119
1.0817
1.2477
1.3301
1.316
1.2002
0.98623
0.68709
0.32435
-0.073046
-0.47096
-0.83282
-1.1228
-1.3094
-1.3681
-1.2849
-1.0579
-0.69885
-0.23418
0.29292
0.81644
1.2475
1.5193
1.6335
1.6108
1.4569
1.1786
0.79289
0.32788
-0.17923
-0.68472
-1.142
-1.5056
-1.7356
-1.8017
-1.6865
-1.3885
-0.9245
-0.33431
0.29279
0.74838
0.86658
0.79801
0.65503
0.46129
0.232
-0.014182
-0.25579
-0.47029
-0.63608
-0.73455
-0.75202
-0.68135
-0.52311
-0.28609
0.012807
0.34954
0.69469
1.0162
1.2831
1.468
1.5499
1.515
1.3585
1.0866
0.7162
0.2746
-0.20257
-0.67389
-1.0956
-1.4255
-1.6268
-1.6721
-1.5467
-1.2507
-0.80132
-0.23639
0.36895
0.85862
1.0737
1.0806
0.98204
0.80465
0.5612
0.2696
-0.046671
-0.36025
-0.6421
-0.8641
-1.0017
-1.0364
-0.95805
-0.76618
-0.47113
-0.094033
0.33369
0.77173
1.1746
1.4998
1.7164
1.8047
1.7521
1.555
1.2215
0.77283
0.24232
-0.32699
-0.88542
-1.3809
-1.7633
-1.9898
-2.0287
-1.8636
-1.4965
-0.95087
-0.28771
0.30418
0.48059
0.35812
0.17773
-0.012882
-0.19525
-0.35198
-0.46689
-0.52653
-0.52163
-0.44825
-0.30852
-0.11091
0.13012
0.39506
0.66089
0.90314
1.0981
1.2251
1.2681
1.2177
1.0721
0.83809
0.53114
0.17439
-0.2028
-0.56717
-0.8843
-1.1218
-1.2522
-1.2562
-1.1249
-0.86132
-0.48162
-0.015585
0.49202
0.97941
1.3758
1.6347
1.7499
1.7244
1.558
1.257
0.83993
0.33698
-0.21155
-0.75837
-1.2531
-1.6465
-1.8955
-1.9671
-1.8426
-1.5204
-1.0192
-0.38616
0.24904
0.57842
0.53889
0.38734
0.20482
0.010925
-0.17709
-0.34152
-0.46563
-0.53521
-0.54014
-0.47555
-0.34269
-0.14926
0.090847
0.35842
0.6304
0.88194
1.0887
1.229
1.2858
1.2485
1.114
0.88812
0.58522
0.22783
-0.15497
-0.52973
-0.86142
-1.1166
-1.2664
-1.2898
-1.1761
-0.92658
-0.55576
-0.09204
0.42073
0.92014
1.3307
1.5997
1.7215
1.7035
1.5466
1.257
0.85195
0.3608
-0.1773
-0.71611
-1.2061
-1.5989
-1.8515
-1.931
-1.8183
-1.511
-1.0259
-0.40694
0.2335
0.61637
0.62199
0.48881
0.31385
0.11788
-0.08219
-0.26824
-0.42219
-0.52768
-0.57165
-0.54588
-0.44798
-0.28213
-0.059146
0.20406
0.48564
0.76064
1.0033
1.1894
1.2985
1.3158
1.2334
1.0522
0.78206
0.44157
0.057186
-0.33878
-0.71073
-1.0228
-1.242
-1.342
-1.3052
-1.1258
-0.81098
-0.38209
0.12432
0.65249
1.1234
1.4586
1.6344
1.6673
1.5654
1.3325
0.98124
0.53571
0.03032
-0.49261
-0.9862
-1.403
-1.6993
-1.8396
-1.8002
-1.5725
-1.1657
-0.60979
0.028446
0.57724
0.78778
0.74004
0.60498
0.42296
0.20967
-0.01736
-0.2382
-0.4321
-0.57939
-0.66329
-0.67174
-0.59882
-0.44575
-0.22135
0.05825
0.37052
0.68828
0.98227
1.224
1.3885
1.4563
1.4149
1.2608
1.0004
0.65027
0.23639
-0.20762
-0.64301
-1.0291
-1.327
-1.5032
-1.5331
-1.4039
-1.117
-0.68937
-0.15598
0.42127
0.93109
1.2416
1.3457
1.3146
1.1762
0.94
0.62134
0.24378
-0.16206
-0.56081
-0.9153
-1.1899
-1.3537
-1.3841
-1.2692
-1.0098
-0.62098
-0.13286
0.40585
0.92004
1.3148
1.5383
1.609
1.5472
1.3582
1.0515
0.64724
0.17568
-0.32443
-0.80908
-1.2326
-1.5518
-1.7301
-1.7414
-1.5732
-1.2293
-0.732
-0.12871
0.47437
0.86319
0.94451
0.87262
0.72582
0.52189
0.27614
0.0083005
-0.25854
-0.49976
-0.69142
-0.81245
-0.84686
-0.78558
-0.62777
-0.38162
-0.064285
0.29884
0.67587
1.0314
1.3307
1.5439
1.648
1.6275
1.4761
1.1987
0.81228
0.34463
-0.16684
-0.67814
-1.1422
-1.5131
-1.7502
-1.8225
-1.712
-1.4168
-0.95302
-0.36047
0.2704
0.72383
0.83079
0.7531
0.60524
0.41094
0.18568
-0.05193
-0.28091
-0.47959
-0.62761
-0.70786
-0.70832
-0.62351
-0.45549
-0.21429
0.082458
0.41053
0.74104
1.0432
1.2877
1.449
1.5077
1.4519
1.279
0.99686
0.62379
0.1878
-0.27538
-0.72504
-1.1189
-1.4168
-1.5847
-1.5983
-1.4457
-1.1301
-0.67117
-0.10898
0.48071
0.95416
1.1792
1.2087
1.125
0.95036
0.69645
0.38122
0.029406
-0.32918
-0.66201
-0.93671
-1.124
-1.2005
-1.1518
-0.97368
-0.67425
-0.27394
0.19395
0.68285
1.1342
1.49
1.7168
1.8052
1.7504
1.5509
1.2152
0.76478
0.23309
-0.33662
-0.8946
-1.3887
-1.769
-1.9927
-2.0283
-1.8598
-1.4893
-0.94095
-0.27667
0.31078
0.47882
0.35382
0.1729
-0.01774
-0.19969
-0.35556
-0.46922
-0.52732
-0.52069
-0.44555
-0.3042
-0.10526
0.13667
0.40195
0.66752
0.90887
1.1024
1.2274
1.2681
1.2153
1.0672
0.83114
0.52257
0.16488
-0.21245
-0.57608
-0.8916
-1.1267
-1.2541
-1.2547
-1.1199
-0.85308
-0.47071
-0.0029418
0.50504
0.99099
1.3843
1.6394
1.7508
1.7217
1.5516
1.2474
0.8277
0.32306
-0.226
-0.77206
-1.2647
-1.6548
-1.8995
-1.9662
-1.8365
-1.5094
-1.0039
-0.36865
0.26316
0.58115
0.53609
0.38339
0.20038
0.0063953
-0.1813
-0.345
-0.468
-0.53619
-0.53954
-0.47331
-0.33892
-0.1442
0.096814
0.3648
0.63663
0.88743
1.0929
1.2314
1.2862
1.2466
1.1099
0.88198
0.57748
0.2191
-0.16395
-0.53816
-0.86849
-1.1215
-1.2686
-1.2889
-1.172
-0.91942
-0.54601
-0.080525
0.43278
0.93102
1.3387
1.604
1.7225
1.7011
1.541
1.2484
0.84095
0.34825
-0.19035
-0.7285
-1.2167
-1.6065
-1.8552
-1.9303
-1.8129
-1.501
-1.0122
-0.39101
0.24722
0.62052
0.62029
0.48576
0.31016
0.11388
-0.086162
-0.27182
-0.42501
-0.52943
-0.57211
-0.5449
-0.44557
-0.27841
-0.054372
0.20951
0.49131
0.766
1.0078
1.1927
1.3001
1.3155
1.2311
1.048
0.77612
0.43437
0.049306
-0.34667
-0.71789
-1.0285
-1.2457
-1.3431
-1.3035
-1.1212
-0.80385
-0.37288
0.13473
0.66272
1.1316
1.4634
1.6359
1.6658
1.561
1.3255
0.97201
0.52498
0.018961
-0.50359
-0.99577
-1.4102
-1.7033
-1.8398
-1.7963
-1.5646
-1.1543
-0.59591
0.042595
0.58657
0.79008
0.73993
0.604
0.42126
0.20737
-0.020098
-0.24115
-0.43501
-0.58197
-0.6653
-0.67295
-0.59906
-0.44495
-0.2195
0.061039
0.37404
0.69224
0.98631
1.2278
1.3916
1.4584
1.4158
1.2602
0.99839
0.64688
0.23184
-0.21299
-0.64876
-1.0348
-1.332
-1.5071
-1.5353
-1.4043
-1.1153
-0.68568
-0.15065
0.42719
0.93511
1.2411
1.3412
1.3072
1.1665
0.92886
0.60964
0.23255
-0.17175
-0.56796
-0.91909
-1.1897
-1.3493
-1.3756
-1.2571
-0.99502
-0.60467
-0.1165
0.42067
0.93217
1.3248
1.5484
1.62
1.5584
1.3687
1.0603
0.65335
0.17839
-0.32562
-0.81433
-1.2417
-1.5642
-1.7449
-1.7573
-1.5889
-1.2434
-0.74308
-0.13612
0.46783
0.84701
0.91497
0.83476
0.68343
0.47861
0.2359
-0.024999
-0.28135
-0.50926
-0.6858
-0.79119
-0.81085
-0.73712
-0.57048
-0.3202
-0.0041272
0.35215
0.71719
1.0567
1.3378
1.5319
1.6173
1.5798
1.4146
1.1282
0.7386
0.27432
-0.22709
-0.72207
-1.1647
-1.5105
-1.7211
-1.7677
-1.6348
-1.3228
-0.85007
-0.25846
0.36009
0.80161
0.92038
0.85975
0.72085
0.52548
0.28854
0.028976
-0.23091
-0.46724
-0.65665
-0.77848
-0.81687
-0.76259
-0.61436
-0.37964
-0.074577
0.27665
0.64352
0.99195
1.2882
1.5027
1.6122
1.6007
1.4615
1.1985
0.82735
0.37473
-0.12344
-0.6245
-1.0826
-1.4525
-1.6942
-1.7765
-1.6809
-1.4044
-0.96147
-0.3882
0.23781
0.73486
0.91033
0.87072
0.74369
0.55819
0.32876
0.073536
-0.18581
-0.42572
-0.62277
-0.75588
-0.8084
-0.77
-0.63803
-0.41844
-0.12586
0.21698
0.58071
0.93194
1.2369
1.4653
1.5928
1.6023
1.4853
1.2439
0.89165
0.45333
-0.036775
-0.53718
-1.0026
-1.3877
-1.6516
-1.7616
-1.6969
-1.4519
-1.0377
-0.48605
0.13719
0.67745
0.92032
0.91403
0.80433
0.63044
0.40672
0.15042
-0.11715
-0.37215
-0.59027
-0.7489
-0.82934
-0.81883
-0.71216
-0.5127
-0.23283
0.10644
0.47671
0.84435
1.1742
1.4337
1.5964
1.6427
1.5611
1.3506
1.0216
0.59623
0.10679
-0.40611
-0.89693
-1.319
-1.6287
-1.7897
-1.777
-1.5801
-1.205
-0.6778
-0.054247
0.5304
0.83332
0.84181
0.73339
0.56549
0.35405
0.11572
-0.12943
-0.35935
-0.55181
-0.68655
-0.74719
-0.72308
-0.61068
-0.41443
-0.147
0.1713
0.51375
0.84951
1.1468
1.3763
1.5135
1.5407
1.4483
1.2366
0.91677
0.51081
0.050043
-0.42697
-0.87749
-1.2582
-1.5293
-1.6582
-1.6233
-1.4167
-1.0464
-0.5385
0.056009
0.63168
1.0062
1.1137
1.0706
0.93713
0.72797
0.45768
0.14689
-0.17862
-0.48993
-0.75744
-0.95349
-1.0551
-1.0465
-0.92095
-0.68221
-0.34516
0.064327
0.51005
0.94737
1.3289
1.615
1.7806
1.8102
1.6952
1.4365
1.0481
0.55671
0.00032339
-0.5744
-1.1159
-1.5719
-1.8948
-2.0454
-1.9981
-1.7439
-1.2934
-0.68284
-0.011067
0.424
0.41393
0.24779
0.058128
-0.13006
-0.29902
-0.43188
-0.51391
-0.5341
-0.48637
-0.3705
-0.19262
0.034947
0.29437
0.56366
0.81852
1.0346
1.1898
1.2662
1.2514
1.1408
0.93797
0.65512
0.31275
-0.061792
-0.4363
-0.77631
-1.0482
-1.2221
-1.2755
-1.195
-0.97918
-0.63917
-0.19969
0.30018
0.80461
1.2428
1.5541
1.7201
1.7449
1.6291
1.3755
0.99826
0.52333
-0.012373
-0.5638
-1.0813
-1.515
-1.819
-1.9565
-1.9034
-1.6517
-1.2123
-0.61974
0.039512
0.52012
0.58906
0.46313
0.29042
0.098642
-0.095193
-0.27338
-0.41845
-0.51479
-0.55017
-0.51719
-0.41424
-0.24611
-0.023995
0.23506
0.50941
0.7746
1.0057
1.1793
1.2762
1.2825
1.1915
1.0049
0.73328
0.39575
0.018741
-0.3658
-0.72304
-1.0182
-1.2199
-1.303
-1.2519
-1.062
-0.74203
-0.31399
0.18529
0.70153
1.1616
1.4956
1.6791
1.7202
1.6229
1.3896
1.0327
0.57633
0.055647
-0.48597
-1.0002
-1.4377
-1.7531
-1.9087
-1.8793
-1.6552
-1.2445
-0.67753
-0.025631
0.51291
0.66912
0.57908
0.42169
0.23346
0.030984
-0.16805
-0.34509
-0.48234
-0.56445
-0.58006
-0.52322
-0.39425
-0.20023
0.045196
0.32258
0.6082
0.87611
1.1006
1.2585
1.3313
1.3069
1.1808
0.95774
0.65145
0.28434
-0.11404
-0.50924
-0.86468
-1.1449
-1.3189
-1.3634
-1.2654
-1.0245
-0.65371
-0.1811
0.34833
0.86623
1.2835
1.5397
1.641
1.6061
1.4401
1.1504
0.75512
0.28333
-0.22693
-0.7314
-1.1833
-1.5374
-1.7543
-1.8046
-1.6722
-1.3574
-0.87861
-0.27871
0.3441
0.76753
0.85457
0.77367
0.62371
0.42566
0.19505
-0.049152
-0.28543
-0.4915
-0.64632
-0.73213
-0.73629
-0.65286
-0.48363
-0.23854
0.064537
0.4009
0.74089
1.0528
1.3063
1.4752
1.5396
1.4868
1.314
1.0286
0.6492
0.20411
-0.27032
-0.73247
-1.139
-1.4486
-1.6261
-1.6461
-1.496
-1.1784
-0.71307
-0.14089
0.45704
0.92006
1.112
1.1122
1.0093
0.82522
0.57277
0.27048
-0.05732
-0.38224
-0.67419
-0.90405
-1.0464
-1.082
-1.0005
-0.80132
-0.49531
-0.10449
0.33817
0.78986
1.2018
1.5289
1.7411
1.8209
1.7576
1.5485
1.2027
0.74275
0.20286
-0.37285
-0.93391
-1.4277
-1.8041
-2.0203
-2.0455
-1.8642
-1.4798
-0.91808
-0.24658
0.31854
0.43901
0.2954
0.10832
-0.082479
-0.25863
-0.40289
-0.49978
-0.53715
-0.50747
-0.40895
-0.24601
-0.029446
0.22423
0.49389
0.75559
0.98473
1.1583
1.2571
1.2671
1.1815
1.0016
0.73747
0.40754
0.037591
-0.34114
-0.69443
-0.98801
-1.1908
-1.2777
-1.233
-1.0517
-0.74178
-0.32427
0.16552
0.67613
1.139
1.4864
1.6885
1.7483
1.6679
1.4484
1.1009
0.6483
0.12503
-0.42573
-0.95525
-1.4133
-1.7529
-1.9344
-1.9304
-1.7285
-1.3347
-0.77658
-0.12084
0.44023
0.61015
0.51264
0.34914
0.16087
-0.03498
-0.22086
-0.37899
-0.49291
-0.5491
-0.53844
-0.45736
-0.30859
-0.10135
0.14903
0.42213
0.69405
0.93964
1.1348
1.2585
1.295
1.2351
1.0778
0.83075
0.51054
0.1415
-0.24581
-0.61705
-0.93694
-1.1725
-1.2963
-1.2891
-1.1428
-0.86164
-0.4634
0.019837
0.53942
1.0267
1.405
1.6333
1.7159
1.66
1.4672
1.1464
0.71833
0.21478
-0.32315
-0.84838
-1.3117
-1.6662
-1.8717
-1.899
-1.7335
-1.3778
-0.85468
-0.21806
0.3884
0.67507
0.63698
0.49668
0.31726
0.11639
-0.088782
-0.27968
-0.43776
-0.54622
-0.59168
-0.56565
-0.46566
-0.29596
-0.067604
0.20207
0.49066
0.77254
1.0213
1.2122
1.3242
1.3422
1.2582
1.073
0.79658
0.4481
0.054566
-0.35095
-0.73198
-1.0518
-1.2767
-1.3794
-1.3422
-1.159
-0.83708
-0.39836
0.11921
0.65622
1.1259
1.4442
1.596
1.6069
1.4875
1.2431
0.88774
0.44645
-0.046191
-0.54845
-1.0148
-1.3998
-1.6625
-1.7701
-1.7022
-1.4532
-1.0348
-0.47904
0.14615
0.68069
0.91006
0.89491
0.78037
0.60383
0.37974
0.12552
-0.13752
-0.38582
-0.59551
-0.74464
-0.81533
-0.79568
-0.68138
-0.47662
-0.19444
0.14375
0.50944
0.86938
1.1891
1.4371
1.5877
1.622
1.5296
1.3104
0.97591
0.54875
0.061813
-0.44427
-0.92429
-1.3323
-1.6257
-1.7696
-1.7405
-1.5293
-1.1439
-0.61163
0.0096647
0.58309
0.87787
0.89176
0.7892
0.6227
0.40752
0.16027
-0.098529
-0.34587
-0.55821
-0.7136
-0.79383
-0.78636
-0.68592
-0.4955
-0.22682
0.10011
0.45813
0.81506
1.1371
1.3926
1.5552
1.6053
1.5313
1.3317
1.016
0.60543
0.13097
-0.36814
-0.84769
-1.2622
-1.5691
-1.7326
-1.7278
-1.5438
-1.1858
-0.67777
-0.0702
0.52366
0.88758
0.9535
0.87653
0.72578
0.51773
0.26797
-0.0034151
-0.27296
-0.51576
-0.70761
-0.82737
-0.85906
-0.79374
-0.63088
-0.37907
-0.055984
0.31239
0.69351
1.0514
1.3509
1.5623
1.6627
1.6368
1.4788
1.1942
0.80041
0.32597
-0.19105
-0.70606
-1.1715
-1.5412
-1.7745
-1.8404
-1.7215
-1.4164
-0.94234
-0.34109
0.28965
0.71819
0.79495
0.70267
0.54709
0.3501
0.12758
-0.10178
-0.31734
-0.49832
-0.6257
-0.68407
-0.66333
-0.56002
-0.37812
-0.12925
0.1678
0.48833
0.80381
1.0846
1.303
1.4356
1.4651
1.3821
1.1866
0.8887
0.50876
0.076013
-0.37342
-0.79936
-1.161
-1.4206
-1.5472
-1.5201
-1.3312
-0.98761
-0.51255
0.050215
0.62117
1.0648
1.2799
1.3171
1.2375
1.0574
0.78774
0.44731
0.062471
-0.33447
-0.70786
-1.0217
-1.243
-1.345
-1.3101
-1.1323
-0.81868
-0.39024
0.11647
0.64569
1.118
1.454
1.6298
1.6625
1.5608
1.3286
0.97837
0.53421
0.030425
-0.49079
-0.98272
-1.3981
-1.6933
-1.8329
-1.7935
-1.5664
-1.1607
-0.60639
0.030432
0.581
0.7981
0.75516
0.62266
0.44162
0.22764
-0.0017639
-0.22658
-0.42581
-0.57936
-0.66996
-0.68496
-0.61781
-0.46917
-0.24732
0.031959
0.3463
0.66847
0.96887
1.2185
1.3918
1.4686
1.4356
1.2886
1.0333
0.68551
0.27092
-0.17701
-0.61941
-1.0152
-1.3247
-1.5136
-1.556
-1.4381
-1.1601
-0.73788
-0.20543
0.37621
0.89436
1.2089
1.31
1.2756
1.1368
0.90401
0.59222
0.22469
-0.16867
-0.55346
-0.89371
-1.155
-1.3079
-1.3308
-1.2127
-0.95523
-0.57335
-0.096691
0.42836
0.9336
1.3355
1.5824
1.679
1.6383
1.4635
1.1622
0.75348
0.26744
-0.2566
-0.77309
-1.234
-1.593
-1.8101
-1.8555
-1.7133
-1.3841
-0.88797
-0.27143
0.35098
0.72306
0.75055
0.63867
0.47267
0.27165
0.052036
-0.16725
-0.36603
-0.52459
-0.62559
-0.65577
-0.60753
-0.47999
-0.27962
-0.020171
0.27805
0.58965
0.88642
1.1401
1.325
1.4202
1.4114
1.2925
1.0667
0.74757
0.35787
-0.071454
-0.50365
-0.89918
-1.2191
-1.4288
-1.5012
-1.4205
-1.1836
-0.80266
-0.30597
0.25682
0.79965
1.1972
1.3863
1.4167
1.3279
1.1302
0.83524
0.46331
0.043308
-0.38949
-0.79615
-1.1375
-1.3775
-1.4872
-1.4474
-1.2518
-0.9083
-0.44057
0.10867
0.66641
1.1162
1.365
1.4382
1.3844
1.2179
0.94819
0.59286
0.17869
-0.26031
-0.68549
-1.0568
-1.3363
-1.492
-1.5009
-1.3524
-1.0496
-0.61152
-0.07493
0.49604
0.9905
1.2886
1.3908
1.3594
1.2172
0.97339
0.64346
0.25181
-0.16984
-0.58478
-0.95439
-1.2415
-1.414
-1.4482
-1.3314
-1.0643
-0.66233
-0.15711
0.39853
0.91777
1.2896
1.4706
1.5011
1.4078
1.1983
0.88446
0.48781
0.039097
-0.42401
-0.85992
-1.2266
-1.4857
-1.6057
-1.5661
-1.3598
-0.99498
-0.49738
0.08432
0.65559
1.0561
1.2064
1.195
1.0812
0.87966
0.60355
0.27312
-0.085002
-0.43981
-0.75843
-1.0091
-1.1639
-1.2022
-1.1124
-0.89416
-0.55941
-0.1327
0.34846
0.833
1.26
1.5767
1.7593
1.8018
1.7001
1.4552
1.0798
0.59931
0.050734
-0.52027
-1.0627
-1.5248
-1.8583
-2.0237
-1.9942
-1.7594
-1.3279
-0.7327
-0.060739
0.42126
0.45691
0.30305
0.11709
-0.072757
-0.24876
-0.39377
-0.4923
-0.53211
-0.50551
-0.41044
-0.25105
-0.037798
0.21313
0.48091
0.74182
0.9714
1.1467
1.2483
1.2622
1.1812
1.0063
0.74697
0.42135
0.054735
-0.32201
-0.67493
-0.96992
-1.1758
-1.2675
-1.2288
-1.0544
-0.75139
-0.34032
0.14453
0.65311
1.1188
1.4743
1.687
1.7573
1.6869
1.4765
1.1359
0.68766
0.16534
-0.38812
-0.92397
-1.3917
-1.7436
-1.9391
-1.9496
-1.7615
-1.3793
-0.82886
-0.17354
0.40277
0.59096
0.49503
0.33042
0.14243
-0.051436
-0.23368
-0.38674
-0.49452
-0.54401
-0.52666
-0.43953
-0.28593
-0.07563
0.17563
0.44722
0.71524
0.95476
1.1421
1.2569
1.284
1.2152
1.0501
0.79729
0.47399
0.10503
-0.27886
-0.64339
-0.95368
-1.1774
-1.2881
-1.2677
-1.1093
-0.8183
-0.41368
0.071441
0.58756
1.0663
1.4344
1.655
1.7313
1.6684
1.4675
1.1381
0.70141
0.19028
-0.35351
-0.8822
-1.3461
-1.6981
-1.8979
-1.9168
-1.7407
-1.373
-0.83808
-0.19348
0.40146
0.64752
0.58458
0.43397
0.25038
0.051246
-0.14607
-0.32331
-0.46277
-0.54903
-0.57051
-0.5208
-0.39967
-0.2135
0.0248
0.29652
0.57857
0.84548
1.0718
1.2343
1.3142
1.2989
1.1833
0.97127
0.67551
0.31745
-0.074307
-0.46607
-0.8218
-1.1063
-1.2884
-1.3444
-1.2604
-1.0348
-0.67935
-0.22019
0.30042
0.81915
1.2522
1.5344
1.6616
1.6501
1.5045
1.2308
0.84511
0.37532
-0.14126
-0.66039
-1.1345
-1.5168
-1.7657
-1.8493
-1.7484
-1.4599
-0.99943
-0.40575
0.23065
0.68697
0.78476
0.69728
0.54431
0.35019
0.13071
-0.095665
-0.3086
-0.48759
-0.61382
-0.67205
-0.65227
-0.551
-0.37211
-0.12698
0.1659
0.48224
0.79391
1.0717
1.2882
1.4202
1.4505
1.3697
1.1776
0.88429
0.50963
0.08243
-0.36165
-0.78295
-1.1411
-1.3989
-1.5255
-1.5003
-1.3154
-0.97746
-0.50917
0.046974
0.61547
1.069
1.3044
1.3592
1.2923
1.1203
0.85369
0.51037
0.11663
-0.29481
-0.68735
-1.0236
-1.2686
-1.3937
-1.3789
-1.2163
-0.91106
-0.483
0.031886
0.57616
1.0622
1.3971
1.5585
1.5768
1.467
1.2347
0.8931
0.46595
-0.013359
-0.50437
-0.96274
-1.344
-1.6078
-1.7217
-1.6649
-1.4312
-1.0308
-0.4937
0.11997
0.67535
0.96686
0.99864
0.91072
0.74883
0.52697
0.26159
-0.025901
-0.31061
-0.56615
-0.76701
-0.89093
-0.92122
-0.84869
-0.6731
-0.40388
-0.060138
0.33011
0.73169
1.1057
1.4148
1.6286
1.7246
1.6882
1.5143
1.2093
0.79234
0.29389
-0.24586
-0.78014
-1.2594
-1.6358
-1.8675
-1.9232
-1.7857
-1.4551
-0.95087
-0.32147
0.3054
0.63935
0.61833
0.47954
0.30175
0.10398
-0.096732
-0.28213
-0.43411
-0.53639
-0.57614
-0.54543
-0.44232
-0.27143
-0.044062
0.2224
0.50574
0.78072
1.0215
1.2039
1.3078
1.3186
1.2291
1.0407
0.76388
0.41793
0.029872
-0.36751
-0.73832
-1.0466
-1.2597
-1.3514
-1.3049
-1.1152
-0.79043
-0.35302
0.15908
0.68785
1.1515
1.4727
1.6337
1.6532
1.5389
1.2952
0.93587
0.48586
-0.019727
-0.53827
-1.023
-1.4269
-1.7072
-1.8297
-1.7721
-1.5277
-1.1073
-0.5431
0.093849
0.62369
0.81348
0.76236
0.62707
0.44315
0.22598
-0.0066928
-0.23454
-0.43629
-0.59156
-0.68289
-0.69747
-0.62873
-0.47738
-0.2519
0.031647
0.35051
0.67701
0.98108
1.2334
1.408
1.4846
1.4501
1.3001
1.0404
0.68743
0.26704
-0.18674
-0.6345
-1.0346
-1.347
-1.5369
-1.5782
-1.4572
-1.174
-0.74513
-0.20541
0.38134
0.89448
1.1891
1.2695
1.2203
1.0716
0.83418
0.52392
0.1643
-0.21504
-0.58058
-0.89773
-1.134
-1.262
-1.2625
-1.1269
-0.85855
-0.47408
-0.0038615
0.50643
0.99355
1.3856
1.6372
1.7445
1.7114
1.5382
1.2319
0.81127
0.30721
-0.23976
-0.78232
-1.2703
-1.6549
-1.8937
-1.9545
-1.8197
-1.4887
-0.98115
-0.34604
0.28242
0.59783
0.55562
0.40568
0.22361
0.028498
-0.16244
-0.33134
-0.46116
-0.53726
-0.54897
-0.4908
-0.3634
-0.17388
0.064341
0.33235
0.60719
0.86387
1.0777
1.2265
1.2926
1.2646
1.1385
0.9194
0.62084
0.26482
-0.11991
-0.49996
-0.84006
-1.1061
-1.2686
-1.3054
-1.2045
-0.96598
-0.60321
-0.14343
0.37053
0.87676
1.2978
1.5762
1.7054
1.6949
1.5465
1.266
0.86983
0.38654
-0.14551
-0.68079
-1.1703
-1.5658
-1.8243
-1.9127
-1.8112
-1.5163
-1.0439
-0.43499
0.20836
0.62651
0.6644
0.54371
0.37443
0.17883
-0.026457
-0.22321
-0.39275
-0.5176
-0.5832
-0.57947
-0.50201
-0.353
-0.14143
0.11723
0.40199
0.68805
0.94901
1.1594
1.297
1.3447
1.2922
1.1375
0.88781
0.55948
0.17726
-0.22744
-0.61896
-0.96038
-1.2168
-1.3588
-1.3653
-1.2267
-0.94599
-0.5405
-0.042873
0.49519
0.99553
1.3668
1.5691
1.6232
1.5449
1.3389
1.0158
0.59711
0.11483
-0.39115
-0.87595
-1.2935
-1.6007
-1.7616
-1.7515
-1.5595
-1.1917
-0.67301
-0.056892
0.5322
0.86401
0.89898
0.80501
0.64464
0.43389
0.18896
-0.069996
-0.32013
-0.53782
-0.70082
-0.79035
-0.79313
-0.70301
-0.52204
-0.26095
0.061099
0.41762
0.77681
1.1048
1.3694
1.5437
1.6072
1.5473
1.3613
1.0574
0.65562
0.18596
-0.31306
-0.7976
-1.2221
-1.5432
-1.7244
-1.7393
-1.5752
-1.2354
-0.7418
-0.14092
0.46387
0.8619
0.95175
0.88399
0.73974
0.5372
0.29153
0.022348
-0.24721
-0.49239
-0.68894
-0.81544
-0.85542
-0.79929
-0.64573
-0.40245
-0.08624
0.27773
0.65759
1.0177
1.3228
1.5427
1.6537
1.64
1.4948
1.2223
0.83886
0.37199
-0.14117
-0.65663
-1.1271
-1.5063
-1.7529
-1.835
-1.7339
-1.4467
-0.98857
-0.39819
0.23627
0.69956
0.81049
0.73101
0.58221
0.38898
0.16687
-0.065645
-0.28791
-0.47876
-0.6185
-0.69073
-0.6842
-0.59413
-0.42321
-0.18189
0.11202
0.43438
0.75676
1.0491
1.2828
1.4334
1.4822
1.4182
1.2396
0.95501
0.58317
0.15223
-0.30227
-0.74017
-1.12
-1.4029
-1.556
-1.5564
-1.3936
-1.0719
-0.61193
-0.05418
0.52701
0.99706
1.2343
1.2802
1.2076
1.0372
0.77974
0.45307
0.082425
-0.30118
-0.66335
-0.9693
-1.187
-1.2903
-1.2618
-1.0953
-0.79696
-0.38662
0.10176
0.61763
1.0917
1.4517
1.6636
1.7319
1.661
1.4523
1.1158
0.67378
0.1594
-0.38501
-0.91149
-1.3703
-1.7146
-1.9048
-1.9127
-1.7252
-1.3469
-0.80345
-0.15559
0.42724
0.64833
0.57577
0.42238
0.23738
0.037954
-0.15845
-0.33357
-0.46983
-0.55202
-0.56887
-0.51437
-0.38872
-0.19873
0.042259
0.31523
0.59688
0.86166
1.0842
1.2416
1.3155
1.2936
1.1714
0.95345
0.65299
0.29197
-0.1006
-0.49082
-0.84262
-1.121
-1.2952
-1.3421
-1.2487
-1.0141
-0.65098
-0.18652
0.33588
0.85145
1.276
1.548
1.6663
1.6464
1.4924
1.2108
0.81866
0.34432
-0.17427
-0.69251
-1.1627
-1.5382
-1.778
-1.8505
-1.7378
-1.4377
-0.96708
-0.36672
0.26693
0.70124
0.77867
0.68429
0.52773
0.33146
0.11141
-0.11381
-0.32384
-0.49832
-0.61874
-0.67031
-0.64358
-0.53568
-0.35113
-0.10192
0.19298
0.50894
0.81775
1.0903
1.2996
1.423
1.4439
1.3537
1.153
0.85268
0.47347
0.044753
-0.3975
-0.81354
-1.1633
-1.4099
-1.5237
-1.485
-1.2871
-0.93783
-0.46148
0.097726
0.66128
1.1006
1.3222
1.3692
1.296
1.1173
0.84375
0.49397
0.094839
-0.32037
-0.71458
-1.0501
-1.2919
-1.4114
-1.3891
-1.2175
-0.90253
-0.46511
0.057344
0.60448
1.0836
1.4012
1.5438
1.5461
1.4228
1.1802
0.83257
0.40456
-0.070021
-0.55077
-0.99388
-1.356
-1.5982
-1.6898
-1.6122
-1.3612
-0.94895
-0.40726
0.20125
0.74168
1.0252
1.0643
0.98334
0.82262
0.59523
0.31768
0.011997
-0.29564
-0.57709
-0.80464
-0.95363
-1.005
-0.9472
-0.77831
-0.50657
-0.15076
0.26033
0.6892
1.0929
1.4296
1.6662
1.7805
1.7578
1.592
1.2886
0.86595
0.35469
-0.20435
-0.76308
-1.2701
-1.6751
-1.9339
-2.0124
-1.8911
-1.5679
-1.0613
-0.41974
0.217
0.51651
0.44588
0.27903
0.091264
-0.09773
-0.27051
-0.41007
-0.50128
-0.53244
-0.49657
-0.39242
-0.22502
-0.0056274
0.24886
0.51711
0.77519
0.9987
1.1651
1.2555
1.2568
1.1628
0.97575
0.70629
0.37352
0.0036642
-0.37185
-0.71887
-1.0035
-1.1952
-1.2701
-1.213
-1.0205
-0.70144
-0.27809
0.21323
0.7202
1.1745
1.5116
1.7048
1.7562
1.6667
1.4379
1.0812
0.62072
0.091501
-0.46255
-0.99219
-1.447
-1.78
-1.952
-1.9361
-1.7211
-1.3141
-0.74455
-0.084545
0.45492
0.58694
0.47466
0.30561
0.11583
-0.077466
-0.25671
-0.40445
-0.50492
-0.54563
-0.51876
-0.42218
-0.26012
-0.043171
0.21216
0.48469
0.75025
0.98394
1.1624
1.266
1.2802
1.198
1.0202
0.75661
0.42547
0.052574
-0.33069
-0.68979
-0.99001
-1.1997
-1.2932
-1.2541
-1.0768
-0.76888
-0.35097
0.14168
0.65709
1.1247
1.4736
1.6738
1.7311
1.6492
1.4299
1.0843
0.63525
0.11697
-0.42772
-0.95055
-1.4019
-1.7353
-1.9119
-1.9046
-1.7017
-1.3092
-0.75475
-0.10357
0.46099
0.6499
0.56636
0.4098
0.2231
0.0232
-0.17236
-0.3453
-0.47815
-0.55593
-0.56771
-0.5079
-0.37718
-0.18285
0.061294
0.33585
0.61727
0.87994
1.0986
1.2505
1.3177
1.2885
1.1591
0.93439
0.62853
0.264
-0.12977
-0.51858
-0.86633
-1.1382
-1.3039
-1.3408
-1.2369
-0.99218
-0.62043
-0.14985
0.37475
0.88672
1.3014
1.5612
1.6686
1.6385
1.4746
1.184
0.78471
0.30588
-0.21399
-0.72994
-1.1942
-1.5606
-1.7884
-1.8473
-1.7202
-1.4066
-0.92454
-0.31745
0.31117
0.71988
0.77754
0.67737
0.5176
0.31897
0.097544
