-0.29392
-0.28644
-0.27257
-0.24732
-0.20703
-0.1626
-0.15165
-0.19925
-0.26251
-0.29398
-0.30175
-0.30357
-0.30438
-0.3048
-0.30498
-0.30495
-0.30471
-0.30417
-0.30313
-0.30113
-0.2968
-0.28538
-0.24554
-0.052923
1.098
5.6253
4.4392
0.17594
-0.28065
-0.30186
-0.30266
-0.30252
-0.30214
-0.30147
-0.30043
-0.29885
-0.29652
-0.2931
-0.28827
-0.28201
-0.27534
-0.271
-0.27249
-0.28034
-0.29012
-0.29709
-0.30068
-0.30244
-0.3034
-0.30394
-0.30421
-0.30426
-0.30409
-0.30365
-0.30285
-0.30141
-0.29878
-0.29355
-0.28179
-0.2513
-0.16251
0.09557
0.65808
1.0841
0.54553
-0.10383
-0.28393
-0.30251
-0.30404
-0.30459
-0.30485
-0.3049
-0.30474
-0.30432
-0.3035
-0.30196
-0.29883
-0.29146
-0.26953
-0.18212
0.27129
2.549
5.8691
1.5862
-0.16422
-0.29666
-0.30265
-0.30296
-0.30289
-0.3026
-0.30204
-0.30112
-0.29969
-0.29746
-0.29401
-0.2887
-0.28082
-0.27037
-0.2598
-0.25525
-0.26254
-0.27839
-0.29223
-0.29924
-0.30204
-0.30332
-0.30402
-0.3044
-0.30453
-0.30446
-0.30414
-0.30351
-0.30236
-0.30022
-0.2959
-0.28587
-0.25779
-0.16234
0.19812
1.3244
2.5535
1.2123
-0.056501
-0.28585
-0.30263
-0.3038
-0.30419
-0.30434
-0.30428
-0.30398
-0.30337
-0.30228
-0.30029
-0.29647
-0.28818
-0.26733
-0.20622
-0.011394
0.53567
1.3439
1.1181
0.13267
-0.25096
-0.3004
-0.30369
-0.30436
-0.30468
-0.30478
-0.30467
-0.30432
-0.30361
-0.30231
-0.29978
-0.29425
-0.27967
-0.23034
-0.01598
1.0027
3.9024
3.2688
0.27309
-0.26583
-0.30144
-0.30318
-0.30344
-0.30346
-0.30326
-0.3028
-0.30198
-0.30064
-0.29843
-0.29467
-0.28803
-0.27603
-0.25471
-0.22118
-0.18364
-0.17153
-0.20798
-0.26259
-0.29293
-0.30133
-0.30338
-0.30426
-0.30472
-0.30493
-0.30493
-0.30472
-0.30422
-0.30327
-0.30146
-0.29764
-0.28802
-0.25658
-0.11596
0.68148
4.2729
5.4051
0.56342
-0.25633
-0.3009
-0.30273
-0.30275
-0.30251
-0.30202
-0.3012
-0.29994
-0.29803
-0.29516
-0.29089
-0.28483
-0.2771
-0.26944
-0.26589
-0.27038
-0.28143
-0.29226
-0.29864
-0.30156
-0.30297
-0.30375
-0.30418
-0.30436
-0.30432
-0.30406
-0.3035
-0.30249
-0.30066
-0.29715
-0.28964
-0.27097
-0.21639
-0.039413
0.48678
1.3816
1.3082
0.23167
-0.23527
-0.29934
-0.30357
-0.30428
-0.30462
-0.30474
-0.30464
-0.3043
-0.30362
-0.30237
-0.29997
-0.29483
-0.28168
-0.23913
-0.063868
0.73814
3.2056
3.4748
0.49896
-0.2421
-0.30029
-0.30318
-0.30355
-0.30365
-0.30354
-0.30318
-0.30251
-0.30136
-0.29944
-0.29613
-0.29012
-0.27859
-0.25594
-0.21359
-0.14943
-0.095665
-0.11678
-0.20729
-0.2772
-0.2991
-0.30302
-0.30415
-0.30471
-0.30499
-0.30506
-0.30492
-0.30452
-0.30375
-0.30228
-0.29923
-0.29182
-0.26851
-0.16569
0.45444
3.9926
7.0964
0.86498
-0.24756
-0.30054
-0.30246
-0.30229
-0.3018
-0.301
-0.29979
-0.298
-0.2954
-0.29173
-0.28683
-0.28111
-0.27613
-0.27467
-0.27873
-0.28671
-0.29431
-0.29906
-0.30151
-0.30282
-0.30357
-0.30398
-0.30415
-0.30411
-0.30383
-0.30326
-0.30223
-0.30042
-0.29707
-0.29027
-0.27476
-0.23489
-0.12594
0.14374
0.56793
0.65467
0.16022
-0.21109
-0.29537
-0.30325
-0.30429
-0.30477
-0.30499
-0.30501
-0.30481
-0.30433
-0.30342
-0.30167
-0.29795
-0.28848
-0.25683
-0.10891
0.78928
5.0454
5.5932
0.38921
-0.2707
-0.30144
-0.30257
-0.3024
-0.30197
-0.30124
-0.30013
-0.29846
-0.29601
-0.29248
-0.28765
-0.28169
-0.2759
-0.27306
-0.27592
-0.28387
-0.29245
-0.29817
-0.30112
-0.30263
-0.30348
-0.30396
-0.30418
-0.30418
-0.30396
-0.30346
-0.30256
-0.30096
-0.29801
-0.29212
-0.27881
-0.24459
-0.14831
0.11
0.59398
0.83727
0.33008
-0.16224
-0.29007
-0.30288
-0.30416
-0.30469
-0.30494
-0.30497
-0.3048
-0.30437
-0.30352
-0.30192
-0.2986
-0.29051
-0.2651
-0.1555
0.46665
3.6536
6.278
0.92385
-0.23503
-0.30001
-0.30263
-0.30266
-0.30239
-0.30187
-0.30102
-0.29971
-0.29776
-0.29485
-0.29063
-0.28482
-0.27779
-0.27144
-0.26946
-0.27466
-0.28477
-0.29393
-0.29923
-0.30175
-0.30303
-0.30375
-0.30414
-0.30429
-0.30423
-0.30394
-0.30333
-0.30224
-0.30029
-0.29655
-0.28859
-0.26905
-0.21367
-0.044226
0.41512
1.1063
1.0027
0.15068
-0.24136
-0.29951
-0.30362
-0.30436
-0.30473
-0.30486
-0.30478
-0.30447
-0.30384
-0.30265
-0.30034
-0.29532
-0.28209
-0.23683
-0.031936
1.0314
4.4783
3.7514
0.259
-0.27076
-0.30159
-0.30301
-0.30315
-0.30305
-0.30273
-0.30212
-0.30111
-0.29952
-0.29698
-0.29289
-0.28626
-0.27582
-0.26101
-0.24492
-0.23726
-0.24807
-0.27186
-0.29111
-0.29955
-0.30239
-0.30361
-0.30426
-0.30459
-0.3047
-0.3046
-0.30425
-0.30357
-0.30231
-0.29989
-0.29474
-0.28169
-0.24019
-0.073824
0.66163
2.8915
3.347
0.56955
-0.23054
-0.29967
-0.3032
-0.30364
-0.30378
-0.30371
-0.30341
-0.30281
-0.30176
-0.29999
-0.29688
-0.29111
-0.27964
-0.25555
-0.20544
-0.11586
-0.014159
-0.0061266
-0.13279
-0.25459
-0.29617
-0.30278
-0.3041
-0.30471
-0.30502
-0.30511
-0.305
-0.30465
-0.30394
-0.30258
-0.2998
-0.29311
-0.27232
-0.18089
0.38548
3.9223
7.8796
0.9621
-0.24781
-0.30057
-0.30233
-0.30203
-0.30137
-0.30035
-0.29882
-0.29659
-0.2934
-0.28901
-0.28355
-0.27801
-0.27477
-0.2765
-0.2833
-0.2915
-0.29746
-0.30069
-0.30237
-0.30331
-0.30384
-0.3041
-0.30415
-0.30397
-0.30353
-0.30272
-0.3013
-0.29872
-0.29372
-0.28287
-0.25632
-0.18487
0.0041571
0.38532
0.69295
0.38766
-0.1039
-0.27928
-0.302
-0.30398
-0.30461
-0.30493
-0.30503
-0.30492
-0.30457
-0.30388
-0.30255
-0.29988
-0.29365
-0.27525
-0.20049
0.21789
2.7046
7.2921
1.7494
-0.18427
-0.29796
-0.30246
-0.3025
-0.30216
-0.30155
-0.3006
-0.29916
-0.29705
-0.29397
-0.28967
-0.2841
-0.27804
-0.27374
-0.27428
-0.28065
-0.2895
-0.29642
-0.30024
-0.30216
-0.30321
-0.3038
-0.30411
-0.3042
-0.30407
-0.30368
-0.30295
-0.30167
-0.29935
-0.29489
-0.28529
-0.26185
-0.19769
-0.018827
0.38496
0.8129
0.56813
-0.026911
-0.26739
-0.30119
-0.30384
-0.30453
-0.30487
-0.30499
-0.3049
-0.30458
-0.30392
-0.30268
-0.30022
-0.29463
-0.27885
-0.21872
0.095367
1.9329
6.6401
2.6241
-0.087817
-0.29349
-0.30237
-0.30268
-0.30249
-0.30205
-0.30132
-0.30018
-0.29847
-0.29593
-0.29221
-0.28699
-0.28037
-0.27364
-0.26997
-0.27281
-0.28174
-0.29154
-0.29795
-0.30112
-0.30269
-0.30355
-0.30403
-0.30425
-0.30426
-0.30404
-0.30355
-0.30265
-0.30104
-0.29805
-0.29194
-0.27773
-0.23948
-0.12497
0.20464
0.85168
1.1268
0.39971
-0.17085
-0.2927
-0.3031
-0.30418
-0.30465
-0.30486
-0.30485
-0.30464
-0.30413
-0.30318
-0.30138
-0.29763
-0.28842
-0.25958
-0.13884
0.49234
3.2714
5.2289
0.92197
-0.22096
-0.29932
-0.30283
-0.30306
-0.303
-0.30271
-0.30216
-0.30124
-0.29979
-0.2975
-0.29389
-0.28818
-0.27937
-0.26706
-0.2536
-0.24639
-0.2538
-0.27305
-0.29039
-0.29892
-0.30205
-0.30339
-0.3041
-0.30448
-0.30462
-0.30456
-0.30425
-0.30364
-0.3025
-0.30036
-0.29598
-0.28552
-0.25487
-0.14316
0.31793
1.8541
3.221
1.1215
-0.13008
-0.29312
-0.30292
-0.30371
-0.30399
-0.30405
-0.30389
-0.30347
-0.30269
-0.30134
-0.29895
-0.29442
-0.28503
-0.2634
-0.20944
-0.077391
0.17714
0.40713
0.25832
-0.1027
-0.27245
-0.30106
-0.3038
-0.30456
-0.30494
-0.30509
-0.30504
-0.30476
-0.30418
-0.30306
-0.30084
-0.29581
-0.28156
-0.22592
0.084573
2.1432
8.0161
2.5944
-0.14223
-0.29655
-0.30229
-0.30224
-0.30173
-0.30091
-0.29966
-0.29782
-0.29515
-0.2914
-0.28646
-0.28081
-0.27611
-0.27512
-0.27961
-0.2876
-0.29489
-0.29935
-0.30165
-0.30289
-0.3036
-0.30399
-0.30415
-0.30408
-0.30378
-0.30318
-0.30211
-0.30021
-0.29667
-0.28946
-0.27289
-0.23021
-0.11455
0.16348
0.57023
0.60254
0.10882
-0.22583
-0.29693
-0.30337
-0.30434
-0.3048
-0.30501
-0.30501
-0.30479
-0.3043
-0.30335
-0.30151
-0.29757
-0.28737
-0.25234
-0.083714
0.9579
5.5968
5.0904
0.24155
-0.27857
-0.30174
-0.30254
-0.30233
-0.30185
-0.30106
-0.29986
-0.29808
-0.29547
-0.29176
-0.28676
-0.28081
-0.27546
-0.2736
-0.27754
-0.28581
-0.29385
-0.29889
-0.30146
-0.30281
-0.30357
-0.304
-0.30418
-0.30414
-0.30388
-0.30332
-0.30231
-0.30054
-0.29724
-0.29052
-0.27507
-0.23482
-0.12223
0.16609
0.63965
0.75127
0.20308
-0.20486
-0.29507
-0.30324
-0.30428
-0.30475
-0.30497
-0.30498
-0.30477
-0.30428
-0.30336
-0.30158
-0.29781
-0.28827
-0.25666
-0.1116
0.74444
4.7147
5.5275
0.45876
-0.26535
-0.30125
-0.30264
-0.30256
-0.30221
-0.30159
-0.30061
-0.29913
-0.29693
-0.2937
-0.28911
-0.28307
-0.27637
-0.27147
-0.27195
-0.279
-0.28881
-0.2963
-0.3003
-0.30224
-0.30328
-0.30388
-0.30418
-0.30426
-0.30412
-0.30373
-0.30299
-0.30168
-0.29929
-0.29461
-0.28432
-0.25824
-0.18343
0.036233
0.54969
1.0608
0.66334
-0.039923
-0.27409
-0.30184
-0.30392
-0.30453
-0.30483
-0.30491
-0.30478
-0.30441
-0.30367
-0.30228
-0.29951
-0.29315
-0.27496
-0.20565
0.14404
1.9927
5.8747
2.2597
-0.089336
-0.29293
-0.30248
-0.30293
-0.30289
-0.30263
-0.3021
-0.30123
-0.29987
-0.29776
-0.29451
-0.28951
-0.28208
-0.27213
-0.26172
-0.25647
-0.26234
-0.27727
-0.29128
-0.29877
-0.30182
-0.3032
-0.30395
-0.30435
-0.30451
-0.30446
-0.30418
-0.30359
-0.30251
-0.30052
-0.29657
-0.28761
-0.26327
-0.18308
0.11468
1.079
2.4055
1.4313
0.030168
-0.27678
-0.30215
-0.30374
-0.30419
-0.30438
-0.30435
-0.3041
-0.30356
-0.30256
-0.30077
-0.29734
-0.29
-0.27168
-0.21775
-0.040084
0.50267
1.4623
1.4078
0.25853
-0.23316
-0.29926
-0.30355
-0.30425
-0.30459
-0.3047
-0.30459
-0.30425
-0.30356
-0.30229
-0.29987
-0.2947
-0.28164
-0.24017
-0.074595
0.65308
2.8485
3.3169
0.57598
-0.22904
-0.29958
-0.3032
-0.30365
-0.3038
-0.30374
-0.30344
-0.30285
-0.30182
-0.30006
-0.29698
-0.29125
-0.27977
-0.25543
-0.20395
-0.10963
0.0018034
0.016736
-0.11688
-0.24971
-0.29556
-0.30274
-0.30409
-0.30471
-0.30503
-0.30512
-0.30501
-0.30466
-0.30396
-0.30261
-0.29986
-0.29324
-0.2727
-0.18247
0.3779
3.9099
7.9657
0.97415
-0.24778
-0.30057
-0.30232
-0.302
-0.30132
-0.30027
-0.29871
-0.29642
-0.29315
-0.28868
-0.28314
-0.27763
-0.27459
-0.27667
-0.28372
-0.29191
-0.29771
-0.30083
-0.30244
-0.30335
-0.30387
-0.30412
-0.30415
-0.30396
-0.3035
-0.30266
-0.30118
-0.29851
-0.29327
-0.28182
-0.25354
-0.17696
0.024802
0.4207
0.70613
0.35931
-0.12332
-0.28284
-0.30228
-0.30403
-0.30464
-0.30494
-0.30502
-0.3049
-0.30454
-0.30381
-0.30242
-0.29961
-0.29297
-0.273
-0.19018
0.2797
3.0074
7.1832
1.4619
-0.20464
-0.29879
-0.3025
-0.3025
-0.30216
-0.30154
-0.30058
-0.29913
-0.29698
-0.29387
-0.28952
-0.28388
-0.27778
-0.2735
-0.27416
-0.28069
-0.28962
-0.29651
-0.30029
-0.30219
-0.30323
-0.30382
-0.30412
-0.3042
-0.30407
-0.30368
-0.30294
-0.30163
-0.29928
-0.29473
-0.28491
-0.26078
-0.19434
-0.0085356
0.40881
0.83703
0.56473
-0.036494
-0.2697
-0.30138
-0.30387
-0.30454
-0.30487
-0.30498
-0.30489
-0.30456
-0.30388
-0.30261
-0.30009
-0.29433
-0.27796
-0.21513
0.11411
2.0189
6.623
2.4717
-0.10124
-0.29407
-0.3024
-0.3027
-0.30252
-0.30209
-0.30137
-0.30025
-0.29856
-0.29604
-0.29233
-0.2871
-0.28037
-0.2734
-0.26935
-0.27189
-0.28086
-0.291
-0.29773
-0.30104
-0.30265
-0.30354
-0.30403
-0.30427
-0.30428
-0.30407
-0.3036
-0.30271
-0.30114
-0.29821
-0.29225
-0.27835
-0.24083
-0.12739
0.20574
0.88223
1.1997
0.44333
-0.16268
-0.29207
-0.30306
-0.30416
-0.30463
-0.30483
-0.30483
-0.30461
-0.30411
-0.30316
-0.30135
-0.29762
-0.28853
-0.26041
-0.14495
0.4441
3.0107
5.1071
1.0352
-0.20659
-0.2986
-0.30284
-0.30314
-0.30313
-0.30289
-0.3024
-0.30156
-0.30022
-0.29809
-0.29466
-0.2891
-0.28015
-0.26671
-0.24996
-0.23719
-0.24037
-0.26155
-0.28481
-0.29729
-0.30163
-0.30325
-0.30406
-0.3045
-0.30469
-0.30467
-0.30443
-0.30389
-0.30289
-0.30102
-0.29721
-0.28821
-0.26198
-0.16444
0.26752
1.9405
3.9368
1.4374
-0.10918
-0.29239
-0.30277
-0.30351
-0.30373
-0.30373
-0.3035
-0.30301
-0.30213
-0.30065
-0.2981
-0.2935
-0.28465
-0.26661
-0.22935
-0.15956
-0.065497
-0.022066
-0.10497
-0.23054
-0.28985
-0.30179
-0.30376
-0.30453
-0.30493
-0.30509
-0.30505
-0.30479
-0.30423
-0.30315
-0.30101
-0.29621
-0.28278
-0.23119
0.053111
1.9547
7.9384
2.9148
-0.11889
-0.29567
-0.30225
-0.30223
-0.30173
-0.3009
-0.29964
-0.29779
-0.2951
-0.29134
-0.28637
-0.2807
-0.27602
-0.2751
-0.27966
-0.28769
-0.29496
-0.29939
-0.30167
-0.30291
-0.30361
-0.304
-0.30415
-0.30408
-0.30378
-0.30317
-0.30209
-0.30017
-0.2966
-0.28931
-0.27251
-0.22916
-0.11153
0.17055
0.57883
0.60183
0.10283
-0.22806
-0.2972
-0.3034
-0.30435
-0.30481
-0.30501
-0.30501
-0.30479
-0.30429
-0.30333
-0.30147
-0.29748
-0.2871
-0.25131
-0.078287
0.99069
5.6732
4.9784
0.22011
-0.27959
-0.30178
-0.30255
-0.30233
-0.30185
-0.30106
-0.29986
-0.29808
-0.29547
-0.29175
-0.28674
-0.28078
-0.27541
-0.27354
-0.27748
-0.28578
-0.29383
-0.29889
-0.30146
-0.30281
-0.30358
-0.304
-0.30418
-0.30414
-0.30388
-0.30332
-0.30232
-0.30054
-0.29724
-0.29051
-0.27504
-0.23468
-0.12161
0.16838
0.64516
0.75675
0.20441
-0.20495
-0.29511
-0.30324
-0.30428
-0.30475
-0.30497
-0.30497
-0.30477
-0.30428
-0.30335
-0.30157
-0.29779
-0.28822
-0.25652
-0.11111
0.74566
4.7064
5.5089
0.45874
-0.26523
-0.30125
-0.30265
-0.30257
-0.30222
-0.30161
-0.30064
-0.29917
-0.29698
-0.29377
-0.28919
-0.28314
-0.27638
-0.27137
-0.27169
-0.27867
-0.28855
-0.29617
-0.30024
-0.30222
-0.30327
-0.30387
-0.30418
-0.30427
-0.30413
-0.30375
-0.30302
-0.30172
-0.29936
-0.29474
-0.28459
-0.25888
-0.18507
0.03283
0.54823
1.0761
0.68699
-0.030942
-0.27287
-0.30176
-0.30391
-0.30452
-0.30482
-0.3049
-0.30478
-0.30441
-0.30367
-0.30229
-0.29954
-0.29325
-0.27536
-0.20765
0.13117
1.9166
5.7826
2.3443
-0.074925
-0.29212
-0.30245
-0.30295
-0.30293
-0.30268
-0.30217
-0.30133
-0.3
-0.29795
-0.29475
-0.28982
-0.2824
-0.27225
-0.26121
-0.25487
-0.25988
-0.27506
-0.29011
-0.29837
-0.30169
-0.30315
-0.30393
-0.30435
-0.30453
-0.30449
-0.30423
-0.30366
-0.30263
-0.30073
-0.29696
-0.28845
-0.26541
-0.18934
0.097747
1.0663
2.5214
1.5764
0.060104
-0.27441
-0.30202
-0.30369
-0.30413
-0.30432
-0.30429
-0.30403
-0.30348
-0.30248
-0.30069
-0.29728
-0.2901
-0.2726
-0.22293
-0.067205
0.38382
1.1686
1.2081
0.2631
-0.22191
-0.2981
-0.30349
-0.30428
-0.30466
-0.3048
-0.30474
-0.30444
-0.30382
-0.30268
-0.30048
-0.29579
-0.28384
-0.24491
-0.079498
0.735
3.5658
4.0336
0.52891
-0.24618
-0.30049
-0.30305
-0.30333
-0.30335
-0.30315
-0.30269
-0.30189
-0.30057
-0.29843
-0.29487
-0.28878
-0.27819
-0.26039
-0.23427
-0.20765
-0.20203
-0.23106
-0.27154
-0.29439
-0.30132
-0.30328
-0.30417
-0.30464
-0.30485
-0.30486
-0.30464
-0.30415
-0.30322
-0.30145
-0.29778
-0.28882
-0.261
-0.14552
0.45561
3.144
5.2986
1.0056
-0.21339
-0.29896
-0.30281
-0.30306
-0.30301
-0.30273
-0.30219
-0.30129
-0.29986
-0.29761
-0.29405
-0.28841
-0.27969
-0.26741
-0.25377
-0.24603
-0.25285
-0.27205
-0.28983
-0.29872
-0.30198
-0.30336
-0.30409
-0.30448
-0.30463
-0.30457
-0.30427
-0.30367
-0.30256
-0.30047
-0.29621
-0.28609
-0.25663
-0.1497
0.29291
1.7994
3.265
1.1988
-0.11658
-0.29218
-0.30287
-0.30369
-0.30397
-0.30403
-0.30388
-0.30347
-0.3027
-0.30136
-0.299
-0.29455
-0.28539
-0.26444
-0.21264
-0.086946
0.15471
0.37738
0.24486
-0.10169
-0.27121
-0.30088
-0.30376
-0.30454
-0.30494
-0.3051
-0.30505
-0.30479
-0.30421
-0.30312
-0.30096
-0.29609
-0.28239
-0.22941
0.064315
2.0284
8.0055
2.79
-0.12926
-0.29607
-0.30227
-0.30222
-0.30171
-0.30087
-0.2996
-0.29773
-0.29502
-0.29122
-0.28623
-0.28056
-0.27593
-0.27514
-0.27983
-0.2879
-0.29511
-0.29947
-0.30172
-0.30293
-0.30363
-0.30401
-0.30415
-0.30408
-0.30377
-0.30315
-0.30205
-0.30011
-0.29648
-0.28903
-0.27184
-0.22736
-0.10669
0.18078
0.58786
0.59377
0.090122
-0.23206
-0.29763
-0.30344
-0.30437
-0.30482
-0.30501
-0.305
-0.30478
-0.30427
-0.30329
-0.3014
-0.29732
-0.28664
-0.24953
-0.06857
1.0516
5.8235
4.7885
0.18237
-0.28142
-0.30185
-0.30254
-0.30232
-0.30184
-0.30104
-0.29983
-0.29803
-0.2954
-0.29165
-0.28661
-0.28063
-0.2753
-0.27355
-0.27763
-0.28598
-0.29399
-0.29897
-0.3015
-0.30283
-0.30359
-0.30401
-0.30418
-0.30414
-0.30387
-0.3033
-0.30229
-0.30048
-0.29713
-0.29028
-0.27448
-0.23314
-0.11725
0.17849
0.65622
0.75037
0.19059
-0.20965
-0.29564
-0.30329
-0.30429
-0.30476
-0.30497
-0.30497
-0.30476
-0.30426
-0.30332
-0.30151
-0.29766
-0.28785
-0.25511
-0.10381
0.78974
4.8378
5.3638
0.41149
-0.2679
-0.30135
-0.30265
-0.30256
-0.30221
-0.30159
-0.30062
-0.29913
-0.29693
-0.29369
-0.28908
-0.283
-0.27624
-0.27128
-0.27173
-0.27883
-0.28872
-0.29628
-0.3003
-0.30224
-0.30329
-0.30388
-0.30419
-0.30427
-0.30413
-0.30374
-0.303
-0.30169
-0.2993
-0.29461
-0.28428
-0.25803
-0.18247
0.040409
0.56337
1.0825
0.6722
-0.040433
-0.27447
-0.30187
-0.30392
-0.30453
-0.30483
-0.3049
-0.30477
-0.30439
-0.30365
-0.30225
-0.29945
-0.29304
-0.27469
-0.20488
0.14579
1.983
5.7986
2.2458
-0.087263
-0.29276
-0.30248
-0.30296
-0.30293
-0.30268
-0.30217
-0.30132
-0.29999
-0.29792
-0.2947
-0.28973
-0.28225
-0.27201
-0.26089
-0.25456
-0.25971
-0.27507
-0.29017
-0.29841
-0.30171
-0.30316
-0.30394
-0.30436
-0.30453
-0.30449
-0.30423
-0.30366
-0.30262
-0.3007
-0.2969
-0.28828
-0.26487
-0.18719
0.10713
1.099
2.5573
1.5546
0.0473
-0.27591
-0.3021
-0.30369
-0.30413
-0.30431
-0.30427
-0.30401
-0.30345
-0.30244
-0.30062
-0.29716
-0.28986
-0.2721
-0.22185
-0.065544
0.38033
1.1368
1.1557
0.24204
-0.22472
-0.29827
-0.30351
-0.3043
-0.30468
-0.30482
-0.30476
-0.30446
-0.30385
-0.3027
-0.3005
-0.2958
-0.28374
-0.24407
-0.072915
0.78514
3.7739
4.0607
0.47358
-0.25242
-0.30078
-0.30303
-0.30328
-0.30326
-0.30303
-0.30253
-0.30167
-0.30029
-0.29805
-0.29436
-0.28814
-0.27766
-0.26085
-0.2381
-0.21834
-0.21956
-0.2476
-0.27989
-0.29658
-0.3017
-0.30338
-0.30419
-0.30462
-0.30481
-0.30478
-0.30454
-0.304
-0.30298
-0.30106
-0.29705
-0.2872
-0.25646
-0.13045
0.49571
3.0277
4.6854
0.91418
-0.21219
-0.29883
-0.30292
-0.30326
-0.30329
-0.3031
-0.30266
-0.30189
-0.30063
-0.2986
-0.29527
-0.28967
-0.28018
-0.26466
-0.24252
-0.22044
-0.21576
-0.2396
-0.2739
-0.29437
-0.3011
-0.30314
-0.30406
-0.30456
-0.30479
-0.30481
-0.30461
-0.30414
-0.30325
-0.30157
-0.29816
-0.29009
-0.26618
-0.17307
0.28148
2.331
5.0312
1.5272
-0.14426
-0.29528
-0.30273
-0.30321
-0.30328
-0.30313
-0.30274
-0.30203
-0.30087
-0.29901
-0.29597
-0.29092
-0.28239
-0.2684
-0.24799
-0.22612
-0.21805
-0.23699
-0.2701
-0.29246
-0.3005
-0.3029
-0.30393
-0.30448
-0.30475
-0.30481
-0.30465
-0.30423
-0.30343
-0.30193
-0.29894
-0.29211
-0.27287
-0.20218
0.12862
1.6883
4.7968
2.2588
-0.025647
-0.2882
-0.30242
-0.30321
-0.30334
-0.30326
-0.30294
-0.30234
-0.30132
-0.29968
-0.29699
-0.29248
-0.28474
-0.27151
-0.25058
-0.2241
-0.20611
-0.21725
-0.25414
-0.28591
-0.29891
-0.30247
-0.30375
-0.30441
-0.30475
-0.30486
-0.30477
-0.30443
-0.30376
-0.30251
-0.30006
-0.29466
-0.28014
-0.2292
0.006417
1.2242
4.785
3.3392
0.14609
-0.27834
-0.30192
-0.30303
-0.30314
-0.30303
-0.30268
-0.30204
-0.30099
-0.29932
-0.29667
-0.2924
-0.2855
-0.27471
-0.25969
-0.24409
-0.23804
-0.25057
-0.2744
-0.29241
-0.29997
-0.30255
-0.30368
-0.3043
-0.30461
-0.3047
-0.30457
-0.3042
-0.30348
-0.30214
-0.29956
-0.29399
-0.27963
-0.23302
-0.043501
0.78514
3.0895
3.0907
0.42208
-0.24616
-0.3005
-0.30326
-0.30367
-0.3038
-0.30372
-0.30339
-0.30277
-0.30168
-0.29983
-0.29658
-0.29048
-0.27822
-0.2522
-0.19774
-0.10092
0.0049022
0.0037679
-0.1355
-0.25822
-0.29709
-0.30295
-0.30417
-0.30475
-0.30504
-0.30512
-0.30499
-0.30461
-0.30386
-0.30243
-0.29946
-0.2922
-0.26901
-0.16356
0.50637
4.5365
7.4355
0.67814
-0.26194
-0.30108
-0.30232
-0.30196
-0.30126
-0.30017
-0.29856
-0.29621
-0.29286
-0.2883
-0.28271
-0.2773
-0.27458
-0.27709
-0.28438
-0.29247
-0.29803
-0.30099
-0.30253
-0.3034
-0.30389
-0.30413
-0.30414
-0.30393
-0.30345
-0.30257
-0.30103
-0.29822
-0.29269
-0.28049
-0.25008
-0.16752
0.047537
0.45234
0.70043
0.31451
-0.14626
-0.2865
-0.30256
-0.30409
-0.30467
-0.30496
-0.30502
-0.30489
-0.3045
-0.30373
-0.30228
-0.2993
-0.29215
-0.27019
-0.1767
0.36362
3.413
7.0129
1.1555
-0.22567
-0.29965
-0.30252
-0.30248
-0.30211
-0.30147
-0.30047
-0.29897
-0.29676
-0.29356
-0.28909
-0.28337
-0.27733
-0.27337
-0.27457
-0.28147
-0.29035
-0.29695
-0.30051
-0.30231
-0.30329
-0.30385
-0.30414
-0.3042
-0.30404
-0.30363
-0.30285
-0.30148
-0.299
-0.29417
-0.28363
-0.25744
-0.18496
0.01608
0.45072
0.843
0.5075
-0.072292
-0.27619
-0.30187
-0.30394
-0.30458
-0.30489
-0.30498
-0.30487
-0.30452
-0.30381
-0.30247
-0.29978
-0.29356
-0.27546
-0.20399
0.17911
2.3611
6.745
2.0183
-0.1475
-0.29619
-0.30249
-0.30269
-0.30248
-0.30203
-0.30127
-0.3001
-0.29834
-0.29572
-0.29189
-0.28651
-0.27971
-0.27292
-0.26944
-0.27274
-0.28207
-0.29193
-0.2982
-0.30126
-0.30276
-0.3036
-0.30406
-0.30427
-0.30427
-0.30404
-0.30352
-0.30259
-0.30092
-0.29779
-0.29134
-0.27612
-0.23452
-0.10845
0.25408
0.93822
1.1467
0.35224
-0.18976
-0.29484
-0.30325
-0.30422
-0.30466
-0.30485
-0.30483
-0.30458
-0.30405
-0.30304
-0.30113
-0.2971
-0.28709
-0.25524
-0.12036
0.57831
3.4581
4.8741
0.758
-0.23266
-0.29985
-0.30289
-0.30313
-0.30308
-0.30281
-0.30227
-0.30138
-0.29995
-0.29768
-0.29405
-0.28819
-0.27891
-0.26539
-0.24955
-0.23938
-0.24566
-0.26726
-0.28805
-0.29837
-0.30195
-0.30338
-0.30413
-0.30453
-0.30468
-0.30463
-0.30435
-0.30375
-0.30266
-0.3006
-0.29635
-0.28613
-0.25561
-0.14036
0.36329
2.1533
3.6818
1.1124
-0.15438
-0.29516
-0.30295
-0.30359
-0.30381
-0.30381
-0.30358
-0.30308
-0.30219
-0.30068
-0.29804
-0.29319
-0.2836
-0.26324
-0.21892
-0.13072
-0.0040406
0.059702
-0.050268
-0.21531
-0.28862
-0.30193
-0.30385
-0.30459
-0.30497
-0.30512
-0.30506
-0.30478
-0.30419
-0.30306
-0.3008
-0.29563
-0.28075
-0.22113
0.12302
2.4592
8.4769
2.1998
-0.17907
-0.29806
-0.30228
-0.30209
-0.30148
-0.3005
-0.29905
-0.29691
-0.29384
-0.28957
-0.28416
-0.27845
-0.27468
-0.27569
-0.28206
-0.29045
-0.29685
-0.3004
-0.30222
-0.30322
-0.3038
-0.30409
-0.30416
-0.30401
-0.30361
-0.30286
-0.30153
-0.29914
-0.29454
-0.2847
-0.26085
-0.1968
-0.024019
0.34671
0.70919
0.4701
-0.057356
-0.27091
-0.30136
-0.30387
-0.30455
-0.3049
-0.30502
-0.30494
-0.30462
-0.30397
-0.30273
-0.30027
-0.29466
-0.27861
-0.21614
0.12068
2.156
7.1224
2.3905
-0.12774
-0.29552
-0.30239
-0.30255
-0.30227
-0.30172
-0.30084
-0.29952
-0.29755
-0.29468
-0.29061
-0.2852
-0.27899
-0.27393
-0.27317
-0.27853
-0.28747
-0.29517
-0.29963
-0.30186
-0.30304
-0.30372
-0.30408
-0.30421
-0.30413
-0.3038
-0.30316
-0.30201
-0.29997
-0.29609
-0.28793
-0.26842
-0.21558
-0.065248
0.30386
0.80328
0.71609
0.079586
-0.2452
-0.29938
-0.30362
-0.30442
-0.30481
-0.30497
-0.30492
-0.30464
-0.30406
-0.30295
-0.30079
-0.29606
-0.28338
-0.23819
-0.017124
1.2756
5.778
3.8592
0.097939
-0.28412
-0.30202
-0.30273
-0.30262
-0.30228
-0.30166
-0.30067
-0.29918
-0.29693
-0.2936
-0.28878
-0.28229
-0.27488
-0.26916
-0.26922
-0.27676
-0.28762
-0.29593
-0.30024
-0.30226
-0.30333
-0.30393
-0.30424
-0.30432
-0.30419
-0.30381
-0.30307
-0.30176
-0.29937
-0.29462
-0.28399
-0.25625
-0.17325
0.083808
0.71426
1.3275
0.76772
-0.045923
-0.27808
-0.30218
-0.30394
-0.3045
-0.30477
-0.30481
-0.30465
-0.30423
-0.30342
-0.3019
-0.29886
-0.29189
-0.27207
-0.19838
0.15079
1.8019
4.9281
2.1405
-0.052651
-0.28998
-0.30249
-0.30319
-0.30331
-0.3032
-0.30286
-0.30222
-0.30117
-0.29947
-0.29669
-0.29206
-0.2842
-0.27104
-0.25092
-0.22699
-0.21334
-0.2272
-0.26161
-0.28883
-0.29955
-0.3026
-0.30379
-0.30442
-0.30474
-0.30483
-0.30472
-0.30436
-0.30365
-0.30232
-0.29973
-0.29396
-0.27833
-0.22321
0.02947
1.2866
4.6339
3.0374
0.1164
-0.27941
-0.302
-0.30311
-0.30326
-0.30319
-0.30288
-0.30229
-0.30131
-0.29973
-0.29717
-0.29295
-0.28589
-0.27419
-0.25632
-0.23462
-0.22068
-0.23042
-0.26074
-0.28734
-0.29888
-0.30233
-0.30364
-0.30432
-0.30468
-0.3048
-0.30471
-0.30439
-0.30374
-0.30253
-0.30019
-0.29514
-0.28206
-0.23859
-0.05104
0.86459
3.7922
3.698
0.39044
-0.25744
-0.30103
-0.3031
-0.30336
-0.30337
-0.30316
-0.30269
-0.30187
-0.30053
-0.29833
-0.29465
-0.28829
-0.27714
-0.25817
-0.2301
-0.2014
-0.19572
-0.22759
-0.27088
-0.29454
-0.30144
-0.30335
-0.30421
-0.30467
-0.30488
-0.30487
-0.30465
-0.30415
-0.30319
-0.30136
-0.29754
-0.28808
-0.258
-0.12936
0.55819
3.5764
5.2513
0.78548
-0.23494
-0.29997
-0.30282
-0.30299
-0.30288
-0.30255
-0.30193
-0.30093
-0.29936
-0.29693
-0.29313
-0.28726
-0.27858
-0.26729
-0.25656
-0.25342
-0.26317
-0.28035
-0.29371
-0.29993
-0.30236
-0.30351
-0.30414
-0.30446
-0.30456
-0.30444
-0.30408
-0.30338
-0.30209
-0.29967
-0.29465
-0.2825
-0.2467
-0.11869
0.37456
1.7875
2.6525
0.83719
-0.15954
-0.29471
-0.30309
-0.30387
-0.30418
-0.30427
-0.30414
-0.30376
-0.30304
-0.30175
-0.2994
-0.29482
-0.28474
-0.25921
-0.18571
0.032419
0.5533
1.0961
0.70697
-0.025141
-0.27224
-0.30172
-0.3039
-0.30451
-0.30482
-0.3049
-0.30477
-0.3044
-0.30366
-0.30228
-0.29954
-0.29326
-0.27549
-0.20859
0.12368
1.8636
5.6852
2.3925
-0.063926
-0.29147
-0.30244
-0.30297
-0.30296
-0.30273
-0.30225
-0.30143
-0.30014
-0.29813
-0.295
-0.29012
-0.28269
-0.2723
-0.26051
-0.2529
-0.25688
-0.27235
-0.28866
-0.29788
-0.30154
-0.30309
-0.30391
-0.30436
-0.30455
-0.30453
-0.30428
-0.30375
-0.30276
-0.30094
-0.29734
-0.28926
-0.26743
-0.19503
0.083459
1.065
2.6689
1.7374
0.088209
-0.27253
-0.30191
-0.30363
-0.30407
-0.30424
-0.30421
-0.30394
-0.30337
-0.30236
-0.30054
-0.29713
-0.29006
-0.27329
-0.22772
-0.093385
0.26854
0.86921
0.94339
0.22487
-0.21524
-0.29692
-0.30341
-0.3043
-0.30473
-0.30491
-0.30488
-0.30463
-0.30408
-0.30305
-0.30106
-0.29683
-0.28597
-0.24979
-0.086608
0.81394
4.4235
4.7351
0.42678
-0.26271
-0.30119
-0.30283
-0.3029
-0.30272
-0.3023
-0.30157
-0.30042
-0.29864
-0.29592
-0.29174
-0.28548
-0.27679
-0.26675
-0.25948
-0.26111
-0.273
-0.28752
-0.29687
-0.30099
-0.30277
-0.30369
-0.3042
-0.30445
-0.30447
-0.30428
-0.30381
-0.30295
-0.30138
-0.29837
-0.29198
-0.27599
-0.22784
-0.058424
0.53081
1.818
1.9736
0.4271
-0.21818
-0.29853
-0.30341
-0.30409
-0.30439
-0.30447
-0.30434
-0.30395
-0.30321
-0.30187
-0.29937
-0.29422
-0.282
-0.24722
-0.1299
0.28594
1.3844
2.1305
0.80588
-0.13296
-0.29175
-0.303
-0.30397
-0.30436
-0.3045
-0.30444
-0.30414
-0.30353
-0.30241
-0.30036
-0.29625
-0.28688
-0.26131
-0.17695
0.13349
1.1093
2.3486
1.3236
0.0027574
-0.27929
-0.30229
-0.30377
-0.30422
-0.30441
-0.30438
-0.30413
-0.30358
-0.30258
-0.30077
-0.29728
-0.28973
-0.2706
-0.21301
-0.018001
0.5916
1.6526
1.4841
0.22896
-0.24275
-0.30002
-0.3036
-0.30424
-0.30455
-0.30463
-0.3045
-0.30412
-0.30338
-0.30202
-0.29943
-0.2939
-0.27997
-0.23636
-0.068569
0.61864
2.4991
2.8688
0.55104
-0.22278
-0.29916
-0.30328
-0.30381
-0.30402
-0.30401
-0.30378
-0.30327
-0.30236
-0.30076
-0.2979
-0.29236
-0.28054
-0.2526
-0.18268
-0.0194
0.25149
0.39443
0.13935
-0.17899
-0.28809
-0.30247
-0.30408
-0.3047
-0.30501
-0.3051
-0.30499
-0.30464
-0.30393
-0.30258
-0.29982
-0.29322
-0.27285
-0.18443
0.35507
3.7089
7.8576
1.0717
-0.24081
-0.3003
-0.30236
-0.3021
-0.3015
-0.30055
-0.29912
-0.29703
-0.29403
-0.28988
-0.2846
-0.27899
-0.2752
-0.27599
-0.28206
-0.29027
-0.29668
-0.30029
-0.30215
-0.30317
-0.30377
-0.30407
-0.30415
-0.30401
-0.30362
-0.30289
-0.30159
-0.29928
-0.29484
-0.28546
-0.26299
-0.20342
-0.044089
0.30025
0.65783
0.46693
-0.042466
-0.26663
-0.30095
-0.30381
-0.30453
-0.3049
-0.30503
-0.30496
-0.30466
-0.30404
-0.30287
-0.30053
-0.29526
-0.28039
-0.22342
0.081319
1.9636
7.1582
2.7192
-0.10234
-0.2945
-0.30233
-0.30251
-0.30221
-0.30163
-0.30073
-0.29936
-0.29734
-0.2944
-0.29028
-0.28488
-0.27887
-0.27428
-0.27418
-0.27991
-0.28864
-0.29582
-0.29992
-0.30199
-0.3031
-0.30374
-0.30408
-0.30419
-0.30408
-0.30373
-0.30305
-0.30185
-0.29969
-0.29559
-0.2869
-0.26608
-0.20995
-0.053476
0.31297
0.76019
0.61756
0.025533
-0.25536
-0.30016
-0.30371
-0.30447
-0.30485
-0.30499
-0.30493
-0.30465
-0.30404
-0.3029
-0.30066
-0.29569
-0.28206
-0.23203
0.021779
1.5377
6.3597
3.3747
-0.0010613
-0.28948
-0.3022
-0.30266
-0.30248
-0.30205
-0.30133
-0.30022
-0.29854
-0.29605
-0.29242
-0.28735
-0.28093
-0.2744
-0.27079
-0.27341
-0.28196
-0.2915
-0.29786
-0.30105
-0.30263
-0.30351
-0.304
-0.30423
-0.30424
-0.30404
-0.30355
-0.30267
-0.30109
-0.29818
-0.29227
-0.2787
-0.24274
-0.13692
0.16415
0.76183
1.0616
0.41283
-0.15808
-0.2909
-0.30297
-0.30416
-0.30465
-0.30487
-0.30489
-0.30469
-0.30422
-0.30332
-0.3016
-0.29806
-0.28944
-0.26263
-0.15045
0.44714
3.2379
5.5934
1.0183
-0.21711
-0.29916
-0.30276
-0.30296
-0.30286
-0.30252
-0.30191
-0.30092
-0.29938
-0.29699
-0.29328
-0.2876
-0.27928
-0.26859
-0.25857
-0.25578
-0.26502
-0.28119
-0.29388
-0.2999
-0.30231
-0.30347
-0.3041
-0.30443
-0.30453
-0.30442
-0.30406
-0.30336
-0.30209
-0.2997
-0.29479
-0.28307
-0.24918
-0.13099
0.31299
1.5822
2.5012
0.90322
-0.13477
-0.29257
-0.303
-0.30389
-0.30424
-0.30435
-0.30426
-0.30392
-0.30325
-0.30205
-0.29986
-0.29556
-0.28604
-0.2614
-0.1873
0.050125
0.68487
1.4497
0.97287
0.025392
-0.26936
-0.30166
-0.30384
-0.30442
-0.3047
-0.30476
-0.30461
-0.30421
-0.30342
-0.30197
-0.2991
-0.29268
-0.27513
-0.21343
0.060736
1.3166
4.1825
2.6053
0.093132
-0.27921
-0.30207
-0.30327
-0.3035
-0.3035
-0.30328
-0.30279
-0.30194
-0.30053
-0.29817
-0.29413
-0.28686
-0.27342
-0.24902
-0.21
-0.1664
-0.15422
-0.19923
-0.26154
-0.29353
-0.30163
-0.30353
-0.30435
-0.30479
-0.30497
-0.30495
-0.30472
-0.30419
-0.30318
-0.30123
-0.29704
-0.28612
-0.2486
-0.070151
0.98823
5.3371
4.7222
0.24689
-0.27675
-0.30171
-0.30267
-0.30256
-0.3022
-0.30157
-0.30056
-0.29905
-0.29679
-0.29347
-0.28874
-0.28252
-0.27565
-0.27075
-0.27149
-0.27896
-0.28901
-0.2965
-0.30042
-0.30232
-0.30334
-0.30391
-0.30421
-0.30427
-0.30413
-0.30372
-0.30296
-0.30161
-0.29914
-0.29426
-0.2834
-0.25547
-0.17408
0.0673
0.62529
1.1325
0.64766
-0.064111
-0.27869
-0.30217
-0.30397
-0.30454
-0.30482
-0.30489
-0.30474
-0.30434
-0.30356
-0.30209
-0.29914
-0.2923
-0.27252
-0.19632
0.18665
2.1307
5.6873
1.9948
-0.11166
-0.29392
-0.30256
-0.30301
-0.30299
-0.30276
-0.30227
-0.30144
-0.30014
-0.2981
-0.29489
-0.28986
-0.28213
-0.27118
-0.25857
-0.25025
-0.25432
-0.27082
-0.28819
-0.29784
-0.30158
-0.30314
-0.30395
-0.30439
-0.30458
-0.30455
-0.30431
-0.30377
-0.30277
-0.30093
-0.29726
-0.28893
-0.26603
-0.18825
0.11956
1.2235
2.9259
1.6967
0.037497
-0.27866
-0.30221
-0.30363
-0.30402
-0.30416
-0.30409
-0.30378
-0.30316
-0.30206
-0.30011
-0.29646
-0.28894
-0.27148
-0.22592
-0.10113
0.19902
0.62508
0.62396
0.095309
-0.23293
-0.29784
-0.30346
-0.30437
-0.30481
-0.305
-0.30499
-0.30476
-0.30424
-0.30324
-0.30131
-0.29715
-0.28623
-0.24818
-0.062926
1.0726
5.7837
4.6637
0.17656
-0.28139
-0.30186
-0.30258
-0.30238
-0.30193
-0.30117
-0.30001
-0.29828
-0.29574
-0.29209
-0.28711
-0.28104
-0.27531
-0.27283
-0.27624
-0.28453
-0.29303
-0.2985
-0.30129
-0.30273
-0.30354
-0.30399
-0.30419
-0.30418
-0.30393
-0.30341
-0.30246
-0.30077
-0.29765
-0.29134
-0.27687
-0.23916
-0.13218
0.15196
0.65665
0.84003
0.27786
-0.18514
-0.29308
-0.3031
-0.30422
-0.30472
-0.30494
-0.30496
-0.30476
-0.30429
-0.3034
-0.30168
-0.29809
-0.28915
-0.26036
-0.13284
0.59735
4.1025
5.821
0.67522
-0.25069
-0.30066
-0.30268
-0.30268
-0.3024
-0.30187
-0.30101
-0.2997
-0.29771
-0.29476
-0.29046
-0.2845
-0.27725
-0.27068
-0.26864
-0.27403
-0.2845
-0.2939
-0.29926
-0.30178
-0.30306
-0.30378
-0.30416
-0.30431
-0.30425
-0.30395
-0.30334
-0.30224
-0.30026
-0.29646
-0.2883
-0.26805
-0.20983
-0.028848
0.46691
1.2
1.0401
0.13755
-0.24656
-0.29998
-0.30366
-0.30437
-0.30471
-0.30483
-0.30474
-0.30441
-0.30374
-0.3025
-0.3001
-0.29484
-0.28094
-0.23338
-0.020586
1.0483
4.3047
3.5173
0.24835
-0.27019
-0.30159
-0.30308
-0.30326
-0.30321
-0.30293
-0.30238
-0.30145
-0.29995
-0.29752
-0.29353
-0.28685
-0.27572
-0.25846
-0.23664
-0.2208
-0.22747
-0.25676
-0.28505
-0.29815
-0.30211
-0.30354
-0.30427
-0.30465
-0.3048
-0.30474
-0.30444
-0.30384
-0.30271
-0.30054
-0.29594
-0.28429
-0.24665
-0.088127
0.68905
3.4396
4.1004
0.58619
-0.24065
-0.30022
-0.30304
-0.30334
-0.30337
-0.30318
-0.30274
-0.30196
-0.30067
-0.29858
-0.29509
-0.2891
-0.27862
-0.26079
-0.23404
-0.2055
-0.1972
-0.22554
-0.26831
-0.29343
-0.30113
-0.30323
-0.30414
-0.30463
-0.30486
-0.30487
-0.30467
-0.3042
-0.3033
-0.30158
-0.29805
-0.28948
-0.26305
-0.15378
0.41903
3.0708
5.5001
1.095
-0.20771
-0.29871
-0.30277
-0.30302
-0.30295
-0.30265
-0.30209
-0.30116
-0.29969
-0.29741
-0.29383
-0.28824
-0.27978
-0.26829
-0.25628
-0.25068
-0.25844
-0.27616
-0.2916
-0.2992
-0.30209
-0.30338
-0.30408
-0.30445
-0.30458
-0.30451
-0.30419
-0.30356
-0.30239
-0.30022
-0.29578
-0.28525
-0.25488
-0.1471
0.28029
1.6469
2.914
1.1246
-0.11003
-0.29121
-0.30287
-0.30377
-0.30409
-0.30419
-0.30407
-0.3037
-0.303
-0.30175
-0.29952
-0.29524
-0.28614
-0.26413
-0.20455
-0.039026
0.34035
0.7725
0.58406
-0.0026767
-0.26161
-0.30069
-0.30377
-0.3045
-0.30486
-0.30499
-0.30492
-0.30462
-0.304
-0.30281
-0.30048
-0.29523
-0.28066
-0.22613
0.055354
1.7307
6.5747
2.9997
-0.049735
-0.2918
-0.30229
-0.30265
-0.30246
-0.30201
-0.30127
-0.30012
-0.2984
-0.29585
-0.29214
-0.28698
-0.2805
-0.27408
-0.27081
-0.27389
-0.28267
-0.29206
-0.29816
-0.30119
-0.30271
-0.30355
-0.30402
-0.30424
-0.30424
-0.30401
-0.30351
-0.30259
-0.30095
-0.2979
-0.2917
-0.2773
-0.23886
-0.12547
0.19319
0.79815
1.0381
0.35863
-0.17651
-0.29299
-0.30312
-0.3042
-0.30467
-0.30488
-0.30489
-0.30467
-0.30418
-0.30324
-0.30146
-0.29773
-0.28854
-0.25941
-0.13503
0.5345
3.5496
5.4049
0.82632
-0.233
-0.29989
-0.30279
-0.30295
-0.30283
-0.30248
-0.30184
-0.30081
-0.29921
-0.29674
-0.29291
-0.28707
-0.2786
-0.26795
-0.25846
-0.25672
-0.2668
-0.28279
-0.29469
-0.3002
-0.30244
-0.30353
-0.30413
-0.30444
-0.30452
-0.30439
-0.30401
-0.30327
-0.30193
-0.29941
-0.29417
-0.28151
-0.24446
-0.11439
0.36839
1.6728
2.4041
0.76681
-0.16179
-0.29462
-0.30312
-0.30393
-0.30427
-0.30437
-0.30427
-0.30391
-0.30322
-0.30198
-0.29971
-0.2952
-0.28507
-0.25831
-0.17601
0.092343
0.80487
1.58
0.94283
-0.015962
-0.27637
-0.30211
-0.30389
-0.30443
-0.30468
-0.30472
-0.30454
-0.30409
-0.30325
-0.30168
-0.29858
-0.29156
-0.27223
-0.20415
0.092512
1.371
3.9226
2.2769
0.05716
-0.28079
-0.30219
-0.30338
-0.30364
-0.30368
-0.30349
-0.30305
-0.30226
-0.30092
-0.29864
-0.29464
-0.28715
-0.27242
-0.24297
-0.18871
-0.11331
-0.06848
-0.12131
-0.22644
-0.28646
-0.301
-0.3035
-0.30438
-0.30485
-0.30505
-0.30505
-0.30484
-0.30435
-0.3034
-0.30157
-0.2976
-0.28718
-0.25053
-0.066962
1.1223
6.3783
4.8116
0.11686
-0.28559
-0.30195
-0.30239
-0.30204
-0.30139
-0.30039
-0.29888
-0.29669
-0.29354
-0.28923
-0.28383
-0.27832
-0.27499
-0.27654
-0.28315
-0.29131
-0.29732
-0.30061
-0.30232
-0.30328
-0.30382
-0.30409
-0.30414
-0.30397
-0.30355
-0.30275
-0.30135
-0.29884
-0.29397
-0.28348
-0.25798
-0.18977
-0.009556
0.35817
0.67286
0.39716
-0.092847
-0.27692
-0.3018
-0.30394
-0.3046
-0.30493
-0.30503
-0.30494
-0.3046
-0.30393
-0.30264
-0.30006
-0.29408
-0.2766
-0.20647
0.1834
2.5375
7.359
1.9389
-0.17101
-0.29742
-0.30243
-0.30248
-0.30214
-0.30153
-0.30057
-0.29912
-0.297
-0.29391
-0.28961
-0.28407
-0.2781
-0.27394
-0.27464
-0.28105
-0.28979
-0.29656
-0.30029
-0.30218
-0.30321
-0.30381
-0.30411
-0.30419
-0.30405
-0.30366
-0.30293
-0.30162
-0.29928
-0.29476
-0.28505
-0.26134
-0.19671
-0.017987
0.37961
0.7893
0.54029
-0.03725
-0.26883
-0.30128
-0.30385
-0.30454
-0.30488
-0.305
-0.30491
-0.30458
-0.30393
-0.30268
-0.30021
-0.29458
-0.2786
-0.21727
0.10621
2.0119
6.7741
2.5282
-0.10247
-0.29423
-0.30239
-0.30265
-0.30243
-0.30197
-0.3012
-0.30002
-0.29825
-0.29562
-0.29181
-0.28653
-0.27998
-0.27365
-0.27075
-0.27435
-0.28338
-0.29263
-0.29846
-0.30134
-0.30279
-0.3036
-0.30405
-0.30425
-0.30423
-0.30399
-0.30346
-0.3025
-0.30079
-0.29759
-0.29102
-0.27561
-0.23402
-0.11089
0.23075
0.84647
1.0164
0.30234
-0.19501
-0.29499
-0.30326
-0.30425
-0.30469
-0.30489
-0.30488
-0.30464
-0.30413
-0.30314
-0.30126
-0.2973
-0.28737
-0.25526
-0.11519
0.64357
3.8842
5.1051
0.64139
-0.24685
-0.30051
-0.30283
-0.30296
